0.0
0.0
0.0
0.0
0.0
0.0
0.0
0.0
40.0
103.0
111.0
226.0
213.0
200.0
76.0
39.0
0.0
0.0
0.0
0.0
0.0
0.0
0.0
0.0
0.0
0.0
0.0
0.0
0.0
0.0
0.0
0.0
55.0
97.0
129.0
92.0
128.0
119.0
83.0
5.0
0.0
0.0
0.0
0.0
0.0
0.0
0.0
0.0
0.0
0.0
0.0
0.0
0.0
0.0
0.0
22.0
81.0
248.0
286.0
424.0
380.0
304.0
44.0
25.0
0.0
0.0
0.0
0.0
0.0
0.0
0.0
0.0
0.0
0.0
0.0
0.0
0.0
0.0
75.0
167.0
225.0
130.0
371.0
427.0
300.0
212.0
225.0
104.0
125.0
46.0
0.0
0.0
0.0
0.0
0.0
0.0
0.0
0.0
0.0
0.0
0.0
0.0
0.0
43.0
95.0
397.0
470.0
500.0
465.0
388.0
52.0
37.0
0.0
0.0
0.0
0.0
0.0
0.0
0.0
0.0
0.0
0.0
0.0
0.0
0.0
9.0
79.0
143.0
323.0
286.0
751.0
803.0
785.0
700.0
575.0
122.0
90.0
34.0
0.0
0.0
0.0
0.0
0.0
0.0
0.0
0.0
0.0
0.0
0.0
15.0
93.0
107.0
426.0
681.0
772.0
785.0
179.0
277.0
499.0
385.0
80.0
40.0
0.0
0.0
0.0
0.0
0.0
0.0
0.0
0.0
0.0
0.0
4.0
17.0
91.0
206.0
134.0
202.0
248.0
222.0
228.0
637.0
160.0
62.0
50.0
29.0
19.0
0.0
0.0
0.0
0.0
0.0
0.0
0.0
0.0
0.0
0.0
37.0
91.0
425.0
601.0
729.0
855.0
906.0
895.0
785.0
715.0
555.0
99.0
71.0
21.0
0.0
0.0
0.0
0.0
0.0
0.0
0.0
0.0
0.0
0.0
63.0
106.0
477.0
645.0
780.0
879.0
924.0
906.0
840.0
741.0
566.0
422.0
94.0
43.0
0.0
0.0
0.0
0.0
0.0
0.0
1078.0
