0.0
0.0
0.0
0.0
0.0
0.0
0.0
0.0
71.0
203.0
42.0
200.0
150.0
273.0
179.0
67.0
0.0
0.0
0.0
0.0
0.0
0.0
0.0
0.0
0.0
0.0
0.0
0.0
0.0
0.0
0.0
71.0
257.0
323.0
387.0
312.0
123.0
139.0
142.0
124.0
67.0
5.0
0.0
0.0
0.0
0.0
0.0
0.0
0.0
0.0
0.0
0.0
0.0
0.0
0.0
0.0
59.0
142.0
181.0
274.0
329.0
328.0
241.0
106.0
0.0
0.0
0.0
0.0
0.0
0.0
0.0
0.0
0.0
0.0
0.0
0.0
0.0
86.0
221.0
335.0
287.0
442.0
495.0
305.0
357.0
362.0
115.0
79.0
75.0
30.0
7.0
0.0
0.0
0.0
0.0
0.0
0.0
0.0
0.0
0.0
0.0
0.0
28.0
196.0
382.0
528.0
638.0
700.0
704.0
653.0
537.0
394.0
217.0
46.0
0.0
0.0
0.0
0.0
0.0
0.0
0.0
0.0
0.0
0.0
0.0
0.0
53.0
42.0
181.0
282.0
416.0
639.0
258.0
112.0
188.0
134.0
206.0
4.0
0.0
0.0
0.0
0.0
0.0
0.0
0.0
0.0
0.0
0.0
0.0
76.0
237.0
410.0
576.0
715.0
825.0
897.0
865.0
818.0
730.0
586.0
392.0
244.0
75.0
0.0
0.0
0.0
0.0
0.0
0.0
0.0
0.0
0.0
0.0
65.0
226.0
401.0
567.0
714.0
812.0
865.0
656.0
599.0
695.0
571.0
252.0
183.0
44.0
0.0
0.0
0.0
0.0
0.0
0.0
0.0
0.0
0.0
0.0
0.0
58.0
0.0
413.0
517.0
636.0
678.0
645.0
540.0
448.0
306.0
154.0
16.0
0.0
0.0
0.0
0.0
0.0
0.0
0.0
0.0
0.0
0.0
0.0
30.0
190.0
363.0
503.0
624.0
769.0
838.0
0.0
767.0
668.0
533.0
372.0
198.0
27.0
0.0
0.0
0.0
0.0
0.0
41.0
918.0
