0.0
0.0
0.0
0.0
0.0
0.0
0.0
58.0
156.0
255.0
259.0
210.0
228.0
239.0
122.0
80.0
0.0
0.0
0.0
0.0
0.0
0.0
0.0
0.0
0.0
0.0
0.0
0.0
0.0
0.0
0.0
50.0
114.0
106.0
56.0
241.0
139.0
91.0
74.0
38.0
54.0
0.0
0.0
0.0
0.0
0.0
0.0
0.0
0.0
0.0
0.0
0.0
0.0
0.0
0.0
104.0
223.0
342.0
409.0
453.0
438.0
375.0
259.0
118.0
0.0
0.0
0.0
0.0
0.0
0.0
0.0
0.0
0.0
0.0
0.0
0.0
0.0
0.0
0.0
0.0
63.0
122.0
146.0
174.0
172.0
107.0
107.0
81.0
0.0
0.0
0.0
0.0
0.0
0.0
0.0
0.0
0.0
0.0
0.0
0.0
0.0
0.0
7.0
78.0
254.0
481.0
540.0
460.0
402.0
554.0
470.0
333.0
165.0
9.0
0.0
0.0
0.0
0.0
0.0
0.0
0.0
0.0
0.0
0.0
0.0
0.0
32.0
120.0
158.0
227.0
251.0
300.0
352.0
400.0
333.0
177.0
47.0
0.0
0.0
0.0
0.0
0.0
0.0
0.0
0.0
0.0
0.0
0.0
23.0
163.0
328.0
462.0
607.0
756.0
723.0
903.0
903.0
767.0
706.0
155.0
79.0
227.0
64.0
0.0
0.0
0.0
0.0
0.0
0.0
0.0
0.0
0.0
0.0
18.0
150.0
322.0
481.0
638.0
731.0
763.0
772.0
712.0
598.0
434.0
296.0
126.0
0.0
0.0
0.0
0.0
0.0
0.0
0.0
0.0
0.0
0.0
0.0
63.0
107.0
393.0
492.0
721.0
376.0
732.0
796.0
816.0
692.0
537.0
379.0
203.0
31.0
0.0
0.0
0.0
0.0
0.0
0.0
0.0
0.0
0.0
0.0
22.0
123.0
162.0
319.0
447.0
677.0
761.0
801.0
753.0
640.0
488.0
318.0
110.0
0.0
0.0
0.0
0.0
0.0
0.0
63.0
652.0
