0.0
0.0
0.0
0.0
0.0
0.0
0.0
0.0
59.0
65.0
53.0
98.0
248.0
106.0
89.0
37.0
0.0
0.0
0.0
0.0
0.0
0.0
0.0
0.0
0.0
0.0
0.0
0.0
0.0
0.0
0.0
0.0
40.0
65.0
121.0
58.0
128.0
56.0
77.0
2.0
0.0
0.0
0.0
0.0
0.0
0.0
0.0
0.0
0.0
0.0
0.0
0.0
0.0
0.0
0.0
66.0
124.0
250.0
168.0
149.0
74.0
100.0
79.0
72.0
55.0
0.0
0.0
0.0
0.0
0.0
0.0
0.0
0.0
0.0
0.0
0.0
0.0
0.0
137.0
278.0
344.0
508.0
673.0
764.0
640.0
412.0
335.0
136.0
139.0
20.0
0.0
0.0
0.0
0.0
0.0
0.0
0.0
0.0
0.0
0.0
0.0
0.0
128.0
0.0
457.0
569.0
607.0
585.0
627.0
595.0
487.0
335.0
169.0
10.0
0.0
0.0
0.0
0.0
0.0
0.0
0.0
0.0
0.0
0.0
0.0
0.0
90.0
284.0
312.0
258.0
285.0
195.0
274.0
323.0
306.0
227.0
154.0
17.0
0.0
0.0
0.0
0.0
0.0
0.0
0.0
0.0
0.0
0.0
0.0
0.0
48.0
165.0
318.0
503.0
566.0
624.0
417.0
363.0
164.0
129.0
9.0
0.0
0.0
0.0
0.0
0.0
0.0
0.0
0.0
0.0
0.0
0.0
5.0
15.0
93.0
164.0
369.0
733.0
847.0
834.0
814.0
736.0
718.0
573.0
360.0
204.0
74.0
0.0
0.0
0.0
0.0
0.0
0.0
0.0
0.0
0.0
0.0
35.0
47.0
84.0
270.0
492.0
454.0
448.0
593.0
628.0
440.0
527.0
363.0
189.0
38.0
0.0
0.0
0.0
0.0
0.0
0.0
0.0
0.0
0.0
0.0
20.0
131.0
341.0
512.0
648.0
711.0
733.0
663.0
611.0
354.0
320.0
173.0
71.0
0.0
0.0
0.0
0.0
0.0
0.0
89.0
892.0
