5.32
4.3
4.51
4.33
4.34
4.34
4.31
4.54
6.31
7.35
8.06
8.56
8.85
8.81
8.75
8.63
7.62
6.65
6.0
5.74
5.37
5.18
4.75
4.62
-0.84
-1.35
-2.17
-2.24
-2.4
-2.57
-2.73
-1.28
-1.14
-0.88
0.52
1.44
1.76
2.0
2.13
1.72
1.16
0.38
-0.62
-0.75
-1.08
-1.37
-1.42
-1.44
3.99
3.83
3.92
3.64
3.62
3.78
3.87
4.5
5.25
7.6
8.8
10.05
10.81
11.14
10.98
10.34
9.06
7.51
6.41
5.64
5.68
6.06
6.06
5.76
-9.33
-9.71
-9.9
-9.73
-8.72
-7.86
-6.33
-5.43
-4.92
-4.13
-2.67
-1.53
-0.72
0.01
-0.07
-0.51
-1.67
-1.09
-1.58
-1.85
-2.07
-2.29
-2.37
-2.79
-1.06
-1.68
-1.94
-1.99
-1.51
-1.39
-1.42
-0.11
3.4
6.46
7.69
8.37
8.8
9.3
9.4
9.27
8.5
7.08
4.84
4.54
3.85
3.1
2.73
1.95
10.49
9.7
9.57
9.47
9.08
8.92
8.89
9.93
12.58
14.9
16.6
17.99
18.92
19.51
19.6
19.27
18.46
16.78
15.15
14.78
14.42
11.66
10.45
10.55
15.27
15.14
14.95
14.33
14.06
14.72
15.68
16.71
17.85
18.76
19.58
19.4
18.84
19.01
18.16
17.52
17.09
15.99
15.33
15.14
14.47
14.01
13.63
13.12
15.68
15.33
14.35
12.65
12.05
11.55
11.75
14.58
16.48
18.1
19.32
20.59
21.35
21.93
22.1
22.03
21.59
20.79
19.55
17.59
16.39
15.88
15.44
13.94
12.67
11.29
9.82
9.26
8.81
8.82
10.72
14.82
16.44
17.31
18.38
19.37
20.0
20.63
20.86
20.76
20.47
19.62
18.49
17.44
17.1
16.4
15.63
14.5
13.5
12.6
11.93
11.05
10.39
10.55
11.28
13.67
14.78
15.79
17.0
18.08
18.49
18.62
18.66
18.49
18.3
17.9
16.87
16.72
16.47
16.16
15.68
14.82
-10.0
26.95
