-1.86
-1.97
-2.08
-2.25
-2.28
-2.33
-2.33
-1.93
-1.5
-0.24
0.73
1.58
2.1
2.49
2.82
2.77
2.31
1.45
1.31
0.64
0.22
-0.16
-0.44
-0.67
-2.69
-2.9
-3.1
-3.31
-3.52
-3.73
-3.94
-4.15
-3.53
-2.0
0.14
1.67
2.18
2.28
1.99
1.51
0.65
0.79
0.51
0.07
-0.12
-0.46
-0.57
-0.76
0.71
0.73
0.74
0.79
0.81
0.68
0.65
0.49
0.52
0.69
0.97
0.93
1.39
1.7
2.04
2.16
2.14
2.14
2.0
1.56
1.32
1.12
1.01
0.81
5.88
5.7
5.53
5.52
5.47
5.53
5.6
8.88
10.58
11.99
13.16
14.09
14.11
14.25
14.09
13.95
13.42
12.05
11.02
10.76
10.64
10.18
9.6
9.09
9.29
9.48
9.45
9.25
9.41
9.3
9.36
9.67
9.92
10.15
10.85
11.48
12.46
13.06
13.27
13.47
13.66
13.41
12.45
10.89
10.57
10.19
10.05
9.71
12.11
12.25
12.21
12.12
11.93
11.92
11.93
11.9
12.46
12.73
12.93
12.83
13.04
13.1
12.84
12.67
12.17
11.79
11.35
11.35
11.01
10.73
10.32
9.9
13.86
13.91
13.88
13.77
13.58
13.48
13.4
13.17
13.89
14.31
14.49
14.95
15.28
15.26
15.54
15.5
15.32
14.78
14.55
14.32
14.02
13.66
13.32
13.0
17.06
16.62
16.31
16.02
15.79
15.72
16.15
16.61
18.99
20.17
21.34
22.25
22.68
22.94
23.01
23.03
22.57
21.81
21.23
20.61
20.09
19.54
18.97
18.5
12.22
11.03
10.1
9.28
8.81
8.99
12.73
16.26
18.54
19.84
20.91
21.64
22.14
22.38
22.51
22.35
22.07
21.49
20.57
19.99
18.99
18.05
17.27
16.37
18.47
17.45
17.08
17.04
17.03
17.09
18.16
18.95
21.34
22.88
23.77
24.58
25.01
25.14
25.03
24.82
23.45
23.14
22.52
23.52
22.84
22.32
21.57
20.47
-10.0
28.42
