-3.86
-5.29
-7.64
-9.26
-10.22
-11.37
-12.06
-11.53
-9.12
-6.27
-3.06
-0.71
0.07
0.71
0.74
0.32
-0.1
-0.61
-1.01
-1.99
-2.09
-2.1
-2.24
-2.4
-22.73
-23.75
-23.99
-23.13
-21.28
-19.02
-17.48
-17.51
-14.31
-11.46
-8.35
-6.28
-4.52
-3.87
-3.81
-4.06
-4.69
-5.62
-6.98
-9.09
-10.61
-12.67
-13.76
-14.38
-13.21
-12.64
-12.21
-11.78
-11.51
-11.25
-11.33
-12.06
-12.58
-11.76
-8.61
-4.53
-1.61
-0.53
-0.4
-0.44
-1.08
-1.89
-2.59
-3.57
-4.33
-5.13
-5.88
-7.32
-12.02
-11.68
-11.5
-11.68
-11.9
-11.97
-12.01
-13.12
-12.79
-12.0
-11.12
-10.73
-10.45
-10.25
-9.84
-9.44
-9.86
-9.97
-10.51
-11.11
-11.19
-11.71
-11.68
-11.61
-2.23
-2.61
-2.83
-3.06
-3.02
-2.98
-3.13
-2.8
-0.54
2.23
4.91
6.96
7.76
8.07
7.84
7.43
7.03
6.04
4.52
4.14
3.17
1.98
1.05
0.61
4.41
3.23
0.08
-1.32
-1.2
-1.57
0.25
3.6
7.06
9.28
10.42
10.86
11.11
10.84
10.6
9.04
8.52
8.16
7.73
8.89
8.08
7.36
6.73
6.13
7.01
5.92
5.44
5.35
5.4
6.07
7.88
8.88
10.08
10.91
11.95
11.93
12.67
12.22
11.75
11.35
11.33
11.2
10.73
9.98
9.6
9.13
8.76
8.47
6.03
5.35
5.18
4.66
4.22
3.97
4.64
8.01
10.36
11.32
13.11
14.62
15.62
15.78
16.41
16.44
15.88
15.1
14.3
13.6
12.7
11.73
10.91
10.18
4.77
4.73
4.6
4.3
3.98
4.03
6.26
9.24
12.35
13.98
15.05
15.72
16.3
16.12
16.11
15.29
15.0
14.04
13.22
12.11
11.57
11.09
10.79
10.36
10.34
9.6
9.2
8.77
8.46
8.1
9.31
12.13
14.18
15.73
16.81
17.47
17.43
17.25
17.12
16.6
15.86
15.19
14.3
13.38
13.2
12.5
11.8
11.18
-31.581000000000003
29.612000000000005
