-1.75
-0.07
-0.57
-0.76
-0.77
-1.6
-1.75
-1.05
-0.54
1.52
3.7
5.26
5.81
6.01
5.82
5.21
3.22
2.1
0.74
2.41
0.94
-0.08
-0.55
-0.97
2.7
2.09
1.76
1.41
1.25
1.06
1.02
0.59
1.01
2.16
2.41
2.06
1.82
1.54
1.73
1.61
1.46
1.27
0.92
0.73
0.83
0.58
0.35
0.28
-2.27
-2.16
-1.69
-2.0
-2.14
-1.9
-1.82
-0.96
0.41
0.54
1.94
1.89
2.33
2.51
2.63
2.13
1.58
0.94
0.1
-0.97
-1.4
-2.13
-2.89
-3.59
8.23
7.87
7.84
7.69
7.65
7.36
7.79
10.89
13.59
15.78
17.47
18.8
19.8
20.43
20.59
20.25
19.46
17.91
15.55
15.4
12.81
11.67
10.56
9.79
10.08
9.85
9.28
8.17
8.04
8.02
8.41
10.16
11.88
13.07
14.04
15.05
15.52
15.88
16.06
16.06
15.79
14.94
14.41
12.64
11.63
10.77
10.56
10.61
11.17
10.72
10.33
10.0
9.71
9.41
8.88
9.5
10.29
11.19
12.21
12.89
12.91
13.62
13.96
14.12
14.0
12.91
11.87
11.51
10.32
9.97
10.14
9.48
11.43
11.38
11.33
11.28
11.23
11.18
11.12
11.07
15.64
17.38
18.83
20.02
20.05
18.91
17.66
16.97
16.33
15.7
14.95
13.64
13.4
13.23
13.14
13.01
14.49
14.96
14.55
14.28
13.93
13.81
13.84
13.75
13.95
14.74
16.45
18.22
19.26
20.14
20.72
21.03
21.08
20.72
19.84
19.49
17.1
15.5
14.43
13.79
12.36
12.53
12.75
12.98
13.06
13.24
13.33
13.25
13.86
14.22
15.57
16.72
17.87
18.7
19.24
19.6
19.59
19.37
18.36
16.67
15.36
14.79
14.14
13.83
17.27
17.04
16.52
15.85
14.94
14.22
15.29
16.93
17.99
19.08
19.89
21.16
21.44
21.75
21.96
21.84
21.44
20.95
19.9
19.46
18.54
17.47
16.5
15.67
-10.0
30.39
