-0.000000000000000000e+00
-0.000000000000000000e+00
-0.000000000000000000e+00
-0.000000000000000000e+00
-0.000000000000000000e+00
-0.000000000000000000e+00
-0.000000000000000000e+00
-0.000000000000000000e+00
6.195669998999999706e+00
3.536702795339999739e+01
4.331417284470000340e+01
5.819545120819999084e+01
8.086454292029999635e+01
7.403082265049998512e+01
4.240994645190001222e+01
1.302633620549999627e+01
2.262187038700000041e+00
-0.000000000000000000e+00
-0.000000000000000000e+00
-0.000000000000000000e+00
-0.000000000000000000e+00
-0.000000000000000000e+00
-0.000000000000000000e+00
-0.000000000000000000e+00
-0.000000000000000000e+00
-0.000000000000000000e+00
-0.000000000000000000e+00
-0.000000000000000000e+00
-0.000000000000000000e+00
-0.000000000000000000e+00
-0.000000000000000000e+00
-0.000000000000000000e+00
1.259322709769999804e+01
3.646558029430001113e+01
3.659742877530000982e+01
4.299893659340001761e+01
5.115501972240001294e+01
1.726763304061999804e+02
3.620849276969001949e+02
4.550710085166998624e+02
2.715055420803000175e+02
4.892366783100000838e+00
-0.000000000000000000e+00
-0.000000000000000000e+00
-0.000000000000000000e+00
-0.000000000000000000e+00
-0.000000000000000000e+00
-0.000000000000000000e+00
-0.000000000000000000e+00
-0.000000000000000000e+00
-0.000000000000000000e+00
-0.000000000000000000e+00
-0.000000000000000000e+00
-0.000000000000000000e+00
-0.000000000000000000e+00
-0.000000000000000000e+00
1.007289200049999955e+01
3.046849136990000062e+01
4.909117393589998812e+01
6.431179786299999535e+01
7.255177853179999659e+01
1.763291374780000069e+02
3.080648287613996672e+02
3.515608414521000782e+02
3.649526110570000270e+01
-0.000000000000000000e+00
-0.000000000000000000e+00
-0.000000000000000000e+00
-0.000000000000000000e+00
-0.000000000000000000e+00
-0.000000000000000000e+00
-0.000000000000000000e+00
-0.000000000000000000e+00
-0.000000000000000000e+00
-0.000000000000000000e+00
-0.000000000000000000e+00
-0.000000000000000000e+00
-0.000000000000000000e+00
-0.000000000000000000e+00
5.021378960400000757e+00
2.829388484709999574e+01
3.034994089519999605e+01
5.700306829350000726e+01
8.348789055339997844e+01
1.073782543630000106e+02
1.162466489617999912e+02
1.150365119986000053e+02
9.545585901420001562e+01
1.863507645987000387e+02
8.182909258639998029e+01
1.371726130699999713e+00
-0.000000000000000000e+00
-0.000000000000000000e+00
-0.000000000000000000e+00
-0.000000000000000000e+00
-0.000000000000000000e+00
-0.000000000000000000e+00
-0.000000000000000000e+00
-0.000000000000000000e+00
-0.000000000000000000e+00
-0.000000000000000000e+00
-0.000000000000000000e+00
7.165402844699997331e+00
3.925874090109999059e+01
6.069967311899997497e+01
7.414350287310003296e+01
7.603412107879998416e+01
7.852351735820001011e+01
7.886917661380002187e+01
2.816952638321000109e+02
4.704027794796000421e+02
5.641969354948996624e+02
5.636656069270998159e+02
5.017830554211001299e+02
1.508727226162999671e+02
4.355581915000000248e-01
-0.000000000000000000e+00
-0.000000000000000000e+00
-0.000000000000000000e+00
-0.000000000000000000e+00
-0.000000000000000000e+00
-0.000000000000000000e+00
-0.000000000000000000e+00
-0.000000000000000000e+00
-0.000000000000000000e+00
-0.000000000000000000e+00
2.167109335600000630e+00
1.847628739539999643e+01
4.295311830409998777e+01
6.889214437830001714e+01
9.320736620059999211e+01
1.159393818415999533e+02
1.367873503008999876e+02
1.254408928215999737e+02
9.992723007690001680e+01
6.133119131060001195e+01
5.794489446879998695e+01
3.510654271610000166e+01
5.633420456899998818e+00
-0.000000000000000000e+00
-0.000000000000000000e+00
-0.000000000000000000e+00
-0.000000000000000000e+00
-0.000000000000000000e+00
-0.000000000000000000e+00
-0.000000000000000000e+00
-0.000000000000000000e+00
-0.000000000000000000e+00
-0.000000000000000000e+00
4.243694388699999820e+00
2.190408749449999704e+01
4.474121745349997781e+01
6.103310741179999610e+01
6.652143904970002097e+01
9.781261982039998770e+01
1.280858192971999756e+02
1.575377102230000332e+02
2.007079222930999549e+02
2.749859772193000254e+02
3.234677965894000522e+02
4.238974646893998397e+02
4.243314608087999886e+02
2.274853330016999280e+02
6.565004682600000585e+00
-0.000000000000000000e+00
-0.000000000000000000e+00
-0.000000000000000000e+00
-0.000000000000000000e+00
-0.000000000000000000e+00
-0.000000000000000000e+00
-0.000000000000000000e+00
-0.000000000000000000e+00
-0.000000000000000000e+00
-0.000000000000000000e+00
7.350864308900001198e+00
3.756124754540000055e+01
4.905867492319999457e+01
5.480864647839997161e+01
6.319777604280001526e+01
7.626005186599995511e+01
9.911989379769997299e+01
2.432659125726999036e+02
4.127407180740000285e+02
4.995316525233999414e+02
5.104932360049998579e+02
4.187598522263002110e+02
8.175066198459997224e+01
-0.000000000000000000e+00
-0.000000000000000000e+00
-0.000000000000000000e+00
-0.000000000000000000e+00
-0.000000000000000000e+00
-0.000000000000000000e+00
-0.000000000000000000e+00
-0.000000000000000000e+00
-0.000000000000000000e+00
-0.000000000000000000e+00
-0.000000000000000000e+00
-0.000000000000000000e+00
-0.000000000000000000e+00
2.190267764899999747e+00
1.302566984390000471e+01
2.465635797719999189e+01
3.274503168959999755e+01
3.604820065639999171e+01
3.375494559819999552e+01
2.559442501819999194e+01
1.303200290800000083e+01
2.265609253100000053e+00
-0.000000000000000000e+00
-0.000000000000000000e+00
-0.000000000000000000e+00
-0.000000000000000000e+00
-0.000000000000000000e+00
-0.000000000000000000e+00
-0.000000000000000000e+00
-0.000000000000000000e+00
-0.000000000000000000e+00
-0.000000000000000000e+00
-0.000000000000000000e+00
-0.000000000000000000e+00
3.434201454800000608e+00
2.422032730090000641e+01
4.995251663330000014e+01
6.598006031639997104e+01
6.357105250390002027e+01
1.085374127873000134e+02
1.485379500742999710e+02
1.456514230330000146e+02
2.289186036914999249e+02
3.584231591368999830e+02
4.879606770051000808e+02
5.869646725927003672e+02
5.559740522926999802e+02
2.963856859409001459e+02
1.551408143029999920e+01
-0.000000000000000000e+00
-0.000000000000000000e+00
-0.000000000000000000e+00
-0.000000000000000000e+00
-0.000000000000000000e+00
5.869646725927003672e+02
