-0.000000000000000000e+00
-0.000000000000000000e+00
-0.000000000000000000e+00
-0.000000000000000000e+00
-0.000000000000000000e+00
-0.000000000000000000e+00
-0.000000000000000000e+00
-0.000000000000000000e+00
9.402414106799996674e+00
3.352123829760000007e+01
5.004040283069997486e+01
5.950179867149999779e+01
6.080044937879999623e+01
5.252448055869999166e+01
3.612968663900001332e+01
1.743258384340000333e+01
6.802808349500001128e+00
-0.000000000000000000e+00
-0.000000000000000000e+00
-0.000000000000000000e+00
-0.000000000000000000e+00
-0.000000000000000000e+00
-0.000000000000000000e+00
-0.000000000000000000e+00
-0.000000000000000000e+00
-0.000000000000000000e+00
-0.000000000000000000e+00
-0.000000000000000000e+00
-0.000000000000000000e+00
-0.000000000000000000e+00
-0.000000000000000000e+00
-0.000000000000000000e+00
3.042025251999999291e+00
2.307829979120000274e+01
3.946769475129999449e+01
4.622430611650000287e+01
4.175256983469999028e+01
4.145250707119999589e+01
3.464067031569999244e+01
2.242243991939999503e+01
7.777076075899999275e+00
4.372611513999998811e-01
-0.000000000000000000e+00
-0.000000000000000000e+00
-0.000000000000000000e+00
-0.000000000000000000e+00
-0.000000000000000000e+00
-0.000000000000000000e+00
-0.000000000000000000e+00
-0.000000000000000000e+00
-0.000000000000000000e+00
-0.000000000000000000e+00
-0.000000000000000000e+00
-0.000000000000000000e+00
-0.000000000000000000e+00
-0.000000000000000000e+00
1.312625048600000177e+00
1.044737080640000038e+01
3.345617459659998616e+01
5.780298478289996922e+01
8.012149684340002409e+01
1.133828442353000554e+02
1.319291330387999608e+02
8.973346891549996940e+01
6.450994741199997051e+00
-0.000000000000000000e+00
-0.000000000000000000e+00
-0.000000000000000000e+00
-0.000000000000000000e+00
-0.000000000000000000e+00
-0.000000000000000000e+00
-0.000000000000000000e+00
-0.000000000000000000e+00
-0.000000000000000000e+00
-0.000000000000000000e+00
-0.000000000000000000e+00
-0.000000000000000000e+00
-0.000000000000000000e+00
-0.000000000000000000e+00
3.908275923999998458e+00
1.956662416499999679e+01
3.751661183939999233e+01
5.274300542019998517e+01
6.414897762969998496e+01
7.025961344739999959e+01
7.066012739119999253e+01
6.493726949290001471e+01
5.182160982730001564e+01
3.229309450539999204e+01
1.199826627610000429e+01
8.821112327000000253e-01
-0.000000000000000000e+00
-0.000000000000000000e+00
-0.000000000000000000e+00
-0.000000000000000000e+00
-0.000000000000000000e+00
-0.000000000000000000e+00
-0.000000000000000000e+00
-0.000000000000000000e+00
-0.000000000000000000e+00
-0.000000000000000000e+00
-0.000000000000000000e+00
-0.000000000000000000e+00
6.359919982099998315e+00
3.473042435200000000e+01
5.764306196010001315e+01
7.594439757210001574e+01
9.482979954079999629e+01
1.225393878345999923e+02
2.320201125995999689e+02
3.244123256871999388e+02
3.582852195295997717e+02
1.574036846468001158e+02
4.124543325500001245e+00
-0.000000000000000000e+00
-0.000000000000000000e+00
-0.000000000000000000e+00
-0.000000000000000000e+00
-0.000000000000000000e+00
-0.000000000000000000e+00
-0.000000000000000000e+00
-0.000000000000000000e+00
-0.000000000000000000e+00
-0.000000000000000000e+00
-0.000000000000000000e+00
6.320942965600000463e+00
3.274532322689999830e+01
5.567995557510000992e+01
7.677385322789999123e+01
8.964065070779999189e+01
1.322194038793999766e+02
1.299310972092000043e+02
9.621956927600004406e+01
1.235416335952999844e+02
1.481837490429999775e+02
1.654575095100000510e+02
1.643338378346000468e+02
2.193990952895001385e+02
5.806449437130000746e+01
6.207989355999999681e+00
-0.000000000000000000e+00
-0.000000000000000000e+00
-0.000000000000000000e+00
-0.000000000000000000e+00
-0.000000000000000000e+00
-0.000000000000000000e+00
-0.000000000000000000e+00
-0.000000000000000000e+00
-0.000000000000000000e+00
-0.000000000000000000e+00
6.745395633300002025e+00
3.798651364820000964e+01
5.899983194710000589e+01
6.803187861260001057e+01
6.753330566569999860e+01
6.918134612859998356e+01
6.340738033790001538e+01
2.856065960978000362e+02
4.941447634655999650e+02
6.163517338175998930e+02
6.334217108876000566e+02
4.653265196708999838e+02
9.500116806950002513e+01
-0.000000000000000000e+00
-0.000000000000000000e+00
-0.000000000000000000e+00
-0.000000000000000000e+00
-0.000000000000000000e+00
-0.000000000000000000e+00
-0.000000000000000000e+00
-0.000000000000000000e+00
-0.000000000000000000e+00
-0.000000000000000000e+00
1.225632928910000174e+01
3.734194718959999904e+01
5.313697282100000052e+01
6.423109736930000224e+01
8.602093737830003306e+01
9.742807975460006276e+01
1.097469455683000348e+02
1.285453591617999791e+02
2.644821131351000076e+02
4.139137915062000275e+02
5.619531126096001117e+02
6.508727357037998900e+02
6.243868093516998670e+02
4.378584095843999080e+02
1.096253743168000199e+02
1.889084052399999880e+00
-0.000000000000000000e+00
-0.000000000000000000e+00
-0.000000000000000000e+00
-0.000000000000000000e+00
-0.000000000000000000e+00
-0.000000000000000000e+00
-0.000000000000000000e+00
-0.000000000000000000e+00
8.686836244999998069e-01
2.195330137720000963e+01
4.329920364359999496e+01
4.650117696010002533e+01
4.631492551710000072e+01
4.353756877650002366e+01
4.132444884709999400e+01
7.068522610290000330e+01
2.401054276925999886e+02
4.404516538420999723e+02
5.933349767620001103e+02
6.653989215800000920e+02
5.434495406846000378e+02
2.239765192335000279e+02
4.691674755399998453e+00
-0.000000000000000000e+00
-0.000000000000000000e+00
-0.000000000000000000e+00
-0.000000000000000000e+00
-0.000000000000000000e+00
-0.000000000000000000e+00
-0.000000000000000000e+00
-0.000000000000000000e+00
-0.000000000000000000e+00
6.061486457199999123e+00
2.507767382809999290e+01
4.483180156440000985e+01
6.044048143389999694e+01
7.008367381150002018e+01
8.308796139140000037e+01
9.246699028010000632e+01
9.720446947320002096e+01
9.836049212420000742e+01
9.391312284600003579e+01
8.387581546969998669e+01
8.743371305439998764e+01
7.463542484169997238e+01
4.572981157059999902e+01
7.783165883300000587e+00
4.395927843999999363e-01
-0.000000000000000000e+00
-0.000000000000000000e+00
-0.000000000000000000e+00
-0.000000000000000000e+00
6.653989215800000920e+02
