-0.000000000000000000e+00
-0.000000000000000000e+00
-0.000000000000000000e+00
-0.000000000000000000e+00
-0.000000000000000000e+00
-0.000000000000000000e+00
-0.000000000000000000e+00
2.127927123500001461e+00
2.442248539009998609e+01
5.288161419559998677e+01
6.839921039009995241e+01
8.964533522370003027e+01
1.120668919413999873e+02
1.932326238806000447e+02
3.569419263422000768e+02
5.063564557936000483e+02
5.310589144424997130e+02
2.016374679200000344e+02
4.348235028999999363e-01
-0.000000000000000000e+00
-0.000000000000000000e+00
-0.000000000000000000e+00
-0.000000000000000000e+00
-0.000000000000000000e+00
-0.000000000000000000e+00
-0.000000000000000000e+00
-0.000000000000000000e+00
-0.000000000000000000e+00
-0.000000000000000000e+00
-0.000000000000000000e+00
-0.000000000000000000e+00
-0.000000000000000000e+00
4.367605673900001761e+00
1.723706311420000503e+01
2.923794487700000744e+01
3.699083931400000580e+01
4.002884232759999605e+01
3.747377150570002158e+01
2.901158815329999641e+01
1.549540225580000374e+01
2.716038749300000887e+00
-0.000000000000000000e+00
-0.000000000000000000e+00
-0.000000000000000000e+00
-0.000000000000000000e+00
-0.000000000000000000e+00
-0.000000000000000000e+00
-0.000000000000000000e+00
-0.000000000000000000e+00
-0.000000000000000000e+00
-0.000000000000000000e+00
-0.000000000000000000e+00
-0.000000000000000000e+00
-0.000000000000000000e+00
-0.000000000000000000e+00
-0.000000000000000000e+00
5.091146743499999516e+00
2.047456831219999529e+01
3.994313521480000873e+01
5.397262596220000574e+01
6.118815355999999639e+01
1.282223285720000092e+02
2.275935085753999942e+02
2.253477985744999614e+02
1.035623384740000041e+01
-0.000000000000000000e+00
-0.000000000000000000e+00
-0.000000000000000000e+00
-0.000000000000000000e+00
-0.000000000000000000e+00
-0.000000000000000000e+00
-0.000000000000000000e+00
-0.000000000000000000e+00
-0.000000000000000000e+00
-0.000000000000000000e+00
-0.000000000000000000e+00
-0.000000000000000000e+00
-0.000000000000000000e+00
-0.000000000000000000e+00
-0.000000000000000000e+00
1.746092721499999278e+00
1.129483911639999860e+01
3.006869554010000201e+01
5.039061114250000628e+01
6.766530877360001739e+01
7.067662173180001162e+01
7.701751847500003123e+01
1.105751273172000140e+02
1.241821305780000273e+01
-0.000000000000000000e+00
-0.000000000000000000e+00
-0.000000000000000000e+00
-0.000000000000000000e+00
-0.000000000000000000e+00
-0.000000000000000000e+00
-0.000000000000000000e+00
-0.000000000000000000e+00
-0.000000000000000000e+00
-0.000000000000000000e+00
-0.000000000000000000e+00
-0.000000000000000000e+00
-0.000000000000000000e+00
3.436596423900000641e+00
2.656769616189998828e+01
5.411523817970000039e+01
7.867460930329994540e+01
8.895058519350001802e+01
9.063662908950007591e+01
7.982552009549999639e+01
1.028028885661999965e+02
1.238047382722000265e+02
1.305416618101999688e+02
7.227250182679999568e+01
2.581925625840000293e+01
2.676122875300000814e+00
-0.000000000000000000e+00
-0.000000000000000000e+00
-0.000000000000000000e+00
-0.000000000000000000e+00
-0.000000000000000000e+00
-0.000000000000000000e+00
-0.000000000000000000e+00
-0.000000000000000000e+00
-0.000000000000000000e+00
-0.000000000000000000e+00
4.331316341999999486e-01
7.774410429999999650e+00
2.552901815980000322e+01
4.416711805449999417e+01
6.153675057029999351e+01
9.236253407670004378e+01
1.220682401331999642e+02
1.505790241959999491e+02
1.417892107458000055e+02
1.132073081010999829e+02
7.350025494279999805e+01
7.456589651200002322e+01
5.590522541899998998e+01
2.100819623139999948e+01
1.375487749600000198e+00
-0.000000000000000000e+00
-0.000000000000000000e+00
-0.000000000000000000e+00
-0.000000000000000000e+00
-0.000000000000000000e+00
-0.000000000000000000e+00
-0.000000000000000000e+00
-0.000000000000000000e+00
-0.000000000000000000e+00
-0.000000000000000000e+00
-0.000000000000000000e+00
7.406465623699999945e+00
3.831738820569999149e+01
4.549865872260000543e+01
5.415184344589998489e+01
5.631873380510001681e+01
4.861711335120001110e+01
1.907064181768999731e+02
4.100872772471999497e+02
5.214406173789002423e+02
4.413941033089001849e+02
1.428767408928000293e+02
1.889697466199999898e+00
-0.000000000000000000e+00
-0.000000000000000000e+00
-0.000000000000000000e+00
-0.000000000000000000e+00
-0.000000000000000000e+00
-0.000000000000000000e+00
-0.000000000000000000e+00
-0.000000000000000000e+00
-0.000000000000000000e+00
-0.000000000000000000e+00
2.526396735099999624e+00
2.618196364960000011e+01
4.948211119260000856e+01
7.825135218840000562e+01
8.352825878669995063e+01
1.065767439465000024e+02
1.202781244845000401e+02
1.531304128400000195e+02
1.437030740455999762e+02
1.147928365595999765e+02
7.478248004210001909e+01
7.710662450040001659e+01
5.864340563800000439e+01
2.378348516649999311e+01
1.846409975499999412e+00
-0.000000000000000000e+00
-0.000000000000000000e+00
-0.000000000000000000e+00
-0.000000000000000000e+00
-0.000000000000000000e+00
-0.000000000000000000e+00
-0.000000000000000000e+00
-0.000000000000000000e+00
-0.000000000000000000e+00
1.006831736870000071e+01
3.770660598450000833e+01
5.920792309140001208e+01
7.051821639100000993e+01
7.038260356399999296e+01
7.201658441169999492e+01
6.472933769200001564e+01
7.308793191000000888e+01
2.506632956496000020e+02
4.506199917253000535e+02
6.126257900120999693e+02
6.916578169848002062e+02
6.602347112560997857e+02
4.271723528584001315e+02
1.234980088351000092e+02
1.888254044900000039e+00
-0.000000000000000000e+00
-0.000000000000000000e+00
-0.000000000000000000e+00
-0.000000000000000000e+00
-0.000000000000000000e+00
-0.000000000000000000e+00
-0.000000000000000000e+00
-0.000000000000000000e+00
7.578994069500000208e+00
3.419452808589999648e+01
4.893795878600001004e+01
4.741067083860001219e+01
5.254161220940000021e+01
5.230155876779999602e+01
5.331645782529999877e+01
6.226581931199999076e+01
2.467487767024000220e+02
4.364174191568000083e+02
5.986516822062999381e+02
5.825777110523999909e+02
3.561677417048999246e+02
4.520633245009999968e+01
1.042309781909999700e+01
4.391427139999999896e-01
-0.000000000000000000e+00
-0.000000000000000000e+00
-0.000000000000000000e+00
-0.000000000000000000e+00
6.916578169848002062e+02
