-0.000000000000000000e+00
-0.000000000000000000e+00
-0.000000000000000000e+00
-0.000000000000000000e+00
-0.000000000000000000e+00
1.222897626779999847e+01
3.957359658300001115e+01
4.787952202940002167e+01
5.140881615560000029e+01
7.226326983810000115e+01
7.855715795579999394e+01
8.668861198900002307e+01
6.604915854799997987e+01
2.895057959790999007e+02
4.702095138742999438e+02
5.715583514648001255e+02
5.718710095540999419e+02
4.504200685474998522e+02
2.143669769654999300e+02
1.566160974910000192e+01
4.395031782999999637e-01
-0.000000000000000000e+00
-0.000000000000000000e+00
-0.000000000000000000e+00
-0.000000000000000000e+00
-0.000000000000000000e+00
-0.000000000000000000e+00
-0.000000000000000000e+00
-0.000000000000000000e+00
6.803796224999999254e+00
3.104420878950000073e+01
5.634212704859999832e+01
7.234043102459997954e+01
7.704074346399997353e+01
7.240276533419998373e+01
7.687264175939999689e+01
7.603986782699999480e+01
2.469958949245000213e+02
4.365143119523999644e+02
6.004321389880002471e+02
6.591717484853000997e+02
5.910234406540001828e+02
3.546411077027001397e+02
7.611220443230000399e+01
8.958363620999999499e-01
-0.000000000000000000e+00
-0.000000000000000000e+00
-0.000000000000000000e+00
-0.000000000000000000e+00
-0.000000000000000000e+00
-0.000000000000000000e+00
-0.000000000000000000e+00
-0.000000000000000000e+00
-0.000000000000000000e+00
-0.000000000000000000e+00
2.127927123500001461e+00
2.442248539009998609e+01
5.288161419559998677e+01
6.839921039009995241e+01
8.964533522370003027e+01
1.120668919413999873e+02
1.932326238806000447e+02
3.569419263422000768e+02
5.063564557936000483e+02
5.310589144424997130e+02
2.016374679200000344e+02
4.348235028999999363e-01
-0.000000000000000000e+00
-0.000000000000000000e+00
-0.000000000000000000e+00
-0.000000000000000000e+00
-0.000000000000000000e+00
-0.000000000000000000e+00
-0.000000000000000000e+00
-0.000000000000000000e+00
-0.000000000000000000e+00
-0.000000000000000000e+00
-0.000000000000000000e+00
6.147590585099998783e+00
3.581579613699999953e+01
4.470158736680001255e+01
4.868620987090000796e+01
4.958649363530001608e+01
5.223198903250000313e+01
6.276323099080000389e+01
2.537251460632000430e+02
4.771822828550999134e+02
6.061077234144000840e+02
6.141058116725997706e+02
4.406702343502000758e+02
6.708047518540001874e+01
-0.000000000000000000e+00
-0.000000000000000000e+00
-0.000000000000000000e+00
-0.000000000000000000e+00
-0.000000000000000000e+00
-0.000000000000000000e+00
-0.000000000000000000e+00
-0.000000000000000000e+00
-0.000000000000000000e+00
-0.000000000000000000e+00
-0.000000000000000000e+00
4.053962138499999313e+00
2.977261392150000674e+01
4.175518227039999886e+01
4.294740947620001492e+01
4.440932567360000860e+01
4.727839098989998945e+01
7.198622012910003320e+01
2.750491956589998495e+02
4.770789641068998890e+02
5.977283017785001675e+02
5.206890313292999508e+02
2.566544160888000192e+02
4.502743561600000000e+00
-0.000000000000000000e+00
-0.000000000000000000e+00
-0.000000000000000000e+00
-0.000000000000000000e+00
-0.000000000000000000e+00
-0.000000000000000000e+00
-0.000000000000000000e+00
-0.000000000000000000e+00
-0.000000000000000000e+00
-0.000000000000000000e+00
-0.000000000000000000e+00
4.843833164699999472e+00
3.077731421039999660e+01
4.323606059879999464e+01
4.185938924369999370e+01
4.822767317030001522e+01
4.933410198260000357e+01
7.331561389940003437e+01
2.768386266481000462e+02
4.795682592714000521e+02
6.186959337987001391e+02
5.815390842972001337e+02
3.055088970821999510e+02
5.825296852399999281e+00
-0.000000000000000000e+00
-0.000000000000000000e+00
-0.000000000000000000e+00
-0.000000000000000000e+00
-0.000000000000000000e+00
-0.000000000000000000e+00
-0.000000000000000000e+00
-0.000000000000000000e+00
-0.000000000000000000e+00
-0.000000000000000000e+00
-0.000000000000000000e+00
-0.000000000000000000e+00
4.325487953000000108e-01
1.722594667939999979e+01
3.485134058560000625e+01
3.347808068860000219e+01
3.988769808240001424e+01
5.534002320760000515e+01
1.922407452998999702e+02
2.833977615530999401e+02
2.873408263100999989e+02
2.835931296063999980e+02
1.242720056000000106e+01
-0.000000000000000000e+00
-0.000000000000000000e+00
-0.000000000000000000e+00
-0.000000000000000000e+00
-0.000000000000000000e+00
-0.000000000000000000e+00
-0.000000000000000000e+00
-0.000000000000000000e+00
-0.000000000000000000e+00
-0.000000000000000000e+00
-0.000000000000000000e+00
4.338484534200000908e+00
2.723496490319999452e+01
5.527794736080000604e+01
8.079569464769996046e+01
8.009783704860001308e+01
1.267558938100000177e+02
1.465869031656999937e+02
1.618597804716000326e+02
2.309468682675000366e+02
4.096862766361999775e+02
5.705666041665997454e+02
6.182577341508997506e+02
5.347098366516000851e+02
2.792139014657997791e+02
1.438434498929999350e+01
-0.000000000000000000e+00
-0.000000000000000000e+00
-0.000000000000000000e+00
-0.000000000000000000e+00
-0.000000000000000000e+00
-0.000000000000000000e+00
-0.000000000000000000e+00
-0.000000000000000000e+00
-0.000000000000000000e+00
8.690315635999997790e-01
1.104441098460000426e+01
3.594317816150000766e+01
6.187357337589999418e+01
8.532612062809999998e+01
1.055046366725000127e+02
1.215612251928999541e+02
1.338110029489999988e+02
2.131089162073000125e+02
4.038417211040999746e+02
5.850430876147000845e+02
6.404755346003000795e+02
5.281302053284996418e+02
2.356277671812000278e+02
6.729482395799998962e+00
-0.000000000000000000e+00
-0.000000000000000000e+00
-0.000000000000000000e+00
-0.000000000000000000e+00
-0.000000000000000000e+00
-0.000000000000000000e+00
-0.000000000000000000e+00
-0.000000000000000000e+00
-0.000000000000000000e+00
-0.000000000000000000e+00
5.583167068799999910e+00
3.995822834669999679e+01
6.221548726060001400e+01
6.059549671830001216e+01
6.530142558390001284e+01
7.408900768580002705e+01
9.050730900899996811e+01
2.730300229040000772e+02
4.648019974615999104e+02
5.813386509974000091e+02
6.087164435389995560e+02
4.484340631770000414e+02
1.129909713956999298e+02
4.357342680999999884e-01
-0.000000000000000000e+00
-0.000000000000000000e+00
-0.000000000000000000e+00
-0.000000000000000000e+00
-0.000000000000000000e+00
6.591717484853000997e+02
