-0.000000000000000000e+00
-0.000000000000000000e+00
-0.000000000000000000e+00
-0.000000000000000000e+00
-0.000000000000000000e+00
5.837729354799999548e+00
3.455727336550000217e+01
4.328618617769995325e+01
4.699010454429999584e+01
4.785592936039999756e+01
4.921416299819999551e+01
5.112390186420001470e+01
7.756783165729997620e+01
2.780661609799000189e+02
5.109238811026000349e+02
6.415675138187003768e+02
7.107426675386002444e+02
5.655957253338999635e+02
3.050210569072000339e+02
8.318814144600001015e+00
-0.000000000000000000e+00
-0.000000000000000000e+00
-0.000000000000000000e+00
-0.000000000000000000e+00
-0.000000000000000000e+00
-0.000000000000000000e+00
-0.000000000000000000e+00
-0.000000000000000000e+00
-0.000000000000000000e+00
-0.000000000000000000e+00
-0.000000000000000000e+00
8.666249101999999871e-01
1.115006647570000098e+01
2.775918822590000445e+01
4.268334902319999458e+01
5.367961308889999827e+01
6.003658251920000311e+01
6.103662699190000041e+01
5.589835167289999163e+01
4.331568788460001684e+01
3.439705431790001455e+01
1.027327679619999934e+01
-0.000000000000000000e+00
-0.000000000000000000e+00
-0.000000000000000000e+00
-0.000000000000000000e+00
-0.000000000000000000e+00
-0.000000000000000000e+00
-0.000000000000000000e+00
-0.000000000000000000e+00
-0.000000000000000000e+00
-0.000000000000000000e+00
-0.000000000000000000e+00
-0.000000000000000000e+00
7.165402844699997331e+00
3.925874090109999059e+01
6.069967311899997497e+01
7.414350287310003296e+01
7.603412107879998416e+01
7.852351735820001011e+01
7.886917661380002187e+01
2.816952638321000109e+02
4.704027794796000421e+02
5.641969354948996624e+02
5.636656069270998159e+02
5.017830554211001299e+02
1.508727226162999671e+02
4.355581915000000248e-01
-0.000000000000000000e+00
-0.000000000000000000e+00
-0.000000000000000000e+00
-0.000000000000000000e+00
-0.000000000000000000e+00
-0.000000000000000000e+00
-0.000000000000000000e+00
-0.000000000000000000e+00
-0.000000000000000000e+00
-0.000000000000000000e+00
-0.000000000000000000e+00
-0.000000000000000000e+00
3.899368200899999248e+00
2.463642039519999472e+01
5.084435193099998429e+01
7.184889649839999493e+01
9.473440905200001794e+01
1.509841627414999436e+02
2.721298766393999813e+02
3.214985318084999335e+02
1.324405657921000454e+02
2.427644897000000412e+00
-0.000000000000000000e+00
-0.000000000000000000e+00
-0.000000000000000000e+00
-0.000000000000000000e+00
-0.000000000000000000e+00
-0.000000000000000000e+00
-0.000000000000000000e+00
-0.000000000000000000e+00
-0.000000000000000000e+00
-0.000000000000000000e+00
-0.000000000000000000e+00
-0.000000000000000000e+00
-0.000000000000000000e+00
4.125877216599999286e+00
2.482760382789999198e+01
4.443947475390000079e+01
6.325746786819998846e+01
7.755088338689996874e+01
8.753029127049998692e+01
9.342908139540000434e+01
8.477227919080000618e+01
5.056991056939999396e+01
1.471501654009999882e+01
4.360718417000000735e-01
-0.000000000000000000e+00
-0.000000000000000000e+00
-0.000000000000000000e+00
-0.000000000000000000e+00
-0.000000000000000000e+00
-0.000000000000000000e+00
-0.000000000000000000e+00
-0.000000000000000000e+00
-0.000000000000000000e+00
-0.000000000000000000e+00
-0.000000000000000000e+00
-0.000000000000000000e+00
7.715418581300001577e+00
3.765612701770001536e+01
4.477783844010001957e+01
5.310491407420002474e+01
6.056915736799998484e+01
6.104934747990000687e+01
7.644210914639999999e+01
2.903474674033999463e+02
4.686042018340000936e+02
5.484481853027002671e+02
4.624617791078001119e+02
2.107983588345999522e+02
7.399167210200000788e+00
-0.000000000000000000e+00
-0.000000000000000000e+00
-0.000000000000000000e+00
-0.000000000000000000e+00
-0.000000000000000000e+00
-0.000000000000000000e+00
-0.000000000000000000e+00
-0.000000000000000000e+00
-0.000000000000000000e+00
-0.000000000000000000e+00
-0.000000000000000000e+00
8.216196099600002967e+00
3.732360328770000280e+01
6.507717186080003557e+01
7.784641460970000537e+01
9.056631368080000755e+01
9.334344664900000055e+01
9.738466863200000034e+01
2.778179635013999587e+02
4.241830108867000035e+02
4.808607074824000733e+02
5.630016536979002240e+02
4.467172060028998999e+02
7.735360309809996693e+01
-0.000000000000000000e+00
-0.000000000000000000e+00
-0.000000000000000000e+00
-0.000000000000000000e+00
-0.000000000000000000e+00
-0.000000000000000000e+00
-0.000000000000000000e+00
-0.000000000000000000e+00
-0.000000000000000000e+00
-0.000000000000000000e+00
-0.000000000000000000e+00
1.209522004150000107e+01
4.188306724849999796e+01
5.184667808919999743e+01
5.708553043159998452e+01
8.489945339610000019e+01
1.124313084097999962e+02
1.249156628056000358e+02
1.376009488427999941e+02
1.383194873321000387e+02
1.249411283756000444e+02
9.691190910039993867e+01
5.126622692429999262e+01
1.216143004749999967e+01
4.357918403000000662e-01
-0.000000000000000000e+00
-0.000000000000000000e+00
-0.000000000000000000e+00
-0.000000000000000000e+00
-0.000000000000000000e+00
-0.000000000000000000e+00
-0.000000000000000000e+00
-0.000000000000000000e+00
-0.000000000000000000e+00
-0.000000000000000000e+00
2.602599350900000719e+00
1.776907743879999657e+01
3.629631244610000351e+01
5.343954054250002628e+01
6.826588776290000737e+01
8.900720969539997895e+01
7.556611057309999069e+01
2.872646894426998188e+02
4.920079824746998725e+02
6.143956132719000607e+02
6.523004358148000392e+02
4.737542409828998871e+02
9.140156761909994998e+01
-0.000000000000000000e+00
-0.000000000000000000e+00
-0.000000000000000000e+00
-0.000000000000000000e+00
-0.000000000000000000e+00
-0.000000000000000000e+00
-0.000000000000000000e+00
-0.000000000000000000e+00
-0.000000000000000000e+00
-0.000000000000000000e+00
-0.000000000000000000e+00
3.909847605900000023e+00
2.480100871810001095e+01
5.509062599129999427e+01
6.933486737479996975e+01
1.073821677072000114e+02
1.246062937094000347e+02
1.390015466014999674e+02
1.533945460267999295e+02
1.579418252163000602e+02
1.454109177766000585e+02
2.403087950099999546e+02
2.228296022343000402e+02
3.116214637759999562e+01
1.376603172699999877e+00
-0.000000000000000000e+00
-0.000000000000000000e+00
-0.000000000000000000e+00
-0.000000000000000000e+00
-0.000000000000000000e+00
7.107426675386002444e+02
