0.0
0.0
0.0
0.0
0.0
0.0
0.0
0.0
80.0
140.0
398.0
490.0
511.0
466.0
91.0
88.0
41.0
0.0
0.0
0.0
0.0
0.0
0.0
0.0
0.0
0.0
0.0
0.0
0.0
0.0
0.0
0.0
39.0
46.0
319.0
369.0
350.0
298.0
42.0
17.0
0.0
0.0
0.0
0.0
0.0
0.0
0.0
0.0
0.0
0.0
0.0
0.0
0.0
0.0
0.0
0.0
54.0
53.0
64.0
73.0
86.0
43.0
35.0
22.0
0.0
0.0
0.0
0.0
0.0
0.0
0.0
0.0
0.0
0.0
0.0
0.0
0.0
6.0
97.0
109.0
539.0
443.0
560.0
781.0
835.0
702.0
412.0
422.0
92.0
57.0
0.0
0.0
0.0
0.0
0.0
0.0
0.0
0.0
0.0
0.0
0.0
2.0
17.0
43.0
123.0
426.0
355.0
569.0
467.0
353.0
330.0
334.0
135.0
39.0
0.0
0.0
0.0
0.0
0.0
0.0
0.0
0.0
0.0
0.0
0.0
0.0
49.0
105.0
289.0
287.0
436.0
499.0
564.0
446.0
361.0
150.0
61.0
0.0
0.0
0.0
0.0
0.0
0.0
0.0
0.0
0.0
0.0
0.0
0.0
0.0
30.0
113.0
82.0
149.0
231.0
284.0
420.0
524.0
409.0
89.0
41.0
0.0
0.0
0.0
0.0
0.0
0.0
0.0
0.0
0.0
0.0
0.0
0.0
43.0
88.0
433.0
606.0
749.0
841.0
885.0
875.0
806.0
694.0
544.0
105.0
73.0
19.0
0.0
0.0
0.0
0.0
0.0
0.0
0.0
0.0
0.0
0.0
52.0
81.0
502.0
674.0
816.0
910.0
974.0
983.0
927.0
816.0
665.0
384.0
98.0
59.0
0.0
0.0
0.0
0.0
0.0
0.0
0.0
0.0
0.0
0.0
42.0
129.0
324.0
582.0
720.0
823.0
847.0
0.0
608.0
144.0
505.0
144.0
70.0
15.0
0.0
0.0
0.0
0.0
0.0
0.0
980.0
