0.0
0.0
0.0
0.0
0.0
0.0
0.0
36.0
167.0
99.0
156.0
100.0
63.0
49.0
43.0
19.0
0.0
0.0
0.0
0.0
0.0
0.0
0.0
0.0
0.0
0.0
0.0
0.0
0.0
0.0
0.0
0.0
66.0
80.0
109.0
205.0
135.0
138.0
85.0
66.0
0.0
0.0
0.0
0.0
0.0
0.0
0.0
0.0
0.0
0.0
0.0
0.0
0.0
0.0
0.0
0.0
46.0
90.0
87.0
102.0
180.4
101.0
79.0
34.0
0.0
0.0
0.0
0.0
0.0
0.0
0.0
0.0
0.0
0.0
0.0
0.0
0.0
0.0
16.0
164.0
318.0
498.0
571.0
500.0
495.0
288.0
252.0
155.0
147.0
31.0
0.0
0.0
0.0
0.0
0.0
0.0
0.0
0.0
0.0
0.0
0.0
0.0
0.0
69.0
207.0
337.0
191.0
133.0
160.0
95.0
239.0
121.0
22.0
0.0
0.0
0.0
0.0
0.0
0.0
0.0
0.0
0.0
0.0
0.0
0.0
11.0
60.0
193.0
277.0
195.0
324.0
142.0
388.0
376.0
418.0
299.0
264.0
31.0
21.0
0.0
0.0
0.0
0.0
0.0
0.0
0.0
0.0
0.0
0.0
0.0
152.0
342.0
514.0
666.0
769.0
823.0
815.0
759.0
459.35
503.0
323.0
135.0
0.0
0.0
0.0
0.0
0.0
0.0
0.0
0.0
0.0
0.0
2.0
151.0
315.0
493.0
657.0
800.0
897.0
952.0
443.0
774.0
71.0
58.0
356.0
283.0
136.0
0.0
0.0
0.0
0.0
0.0
0.0
0.0
0.0
0.0
0.0
29.0
162.0
366.0
533.0
669.0
770.0
827.0
828.0
744.0
638.0
384.0
294.0
191.0
28.0
0.0
0.0
0.0
0.0
0.0
0.0
0.0
0.0
0.0
3.0
68.0
165.0
521.0
674.0
816.0
917.0
960.0
961.0
895.0
805.0
579.0
358.0
279.0
93.0
0.0
0.0
0.0
0.0
0.0
0.0
997.7
