0.0
0.0
0.0
0.0
0.0
0.0
0.0
54.0
278.0
416.0
533.0
449.0
297.0
344.0
138.0
114.0
54.0
0.0
0.0
0.0
0.0
0.0
0.0
0.0
0.0
0.0
0.0
0.0
0.0
0.0
0.0
0.0
88.0
107.0
219.0
215.0
272.0
268.0
205.0
51.0
0.0
0.0
0.0
0.0
0.0
0.0
0.0
0.0
0.0
0.0
0.0
0.0
0.0
0.0
0.0
0.0
53.0
156.0
195.0
228.0
248.0
209.0
141.0
20.0
0.0
0.0
0.0
0.0
0.0
0.0
0.0
0.0
0.0
0.0
0.0
0.0
0.0
0.0
0.0
0.0
22.0
232.0
332.0
332.0
323.0
285.0
252.0
47.0
0.0
0.0
0.0
0.0
0.0
0.0
0.0
0.0
0.0
0.0
0.0
0.0
0.0
0.0
0.0
17.0
158.0
242.0
404.0
474.0
465.0
396.0
304.0
50.0
0.0
0.0
0.0
0.0
0.0
0.0
0.0
0.0
0.0
0.0
0.0
0.0
0.0
53.0
261.0
456.0
636.0
709.0
760.0
857.0
795.0
766.0
728.0
472.0
378.0
44.0
10.0
0.0
0.0
0.0
0.0
0.0
0.0
0.0
0.0
0.0
2.0
27.0
85.0
93.0
284.0
126.0
361.0
430.0
121.0
148.0
136.0
149.0
121.0
30.0
65.0
0.0
0.0
0.0
0.0
0.0
0.0
0.0
0.0
0.0
0.0
81.0
270.0
434.0
608.0
778.0
894.0
906.0
936.0
866.0
726.0
573.0
393.0
193.0
15.0
0.0
0.0
0.0
0.0
0.0
0.0
0.0
0.0
0.0
21.0
181.0
362.0
536.0
704.0
840.0
931.0
976.0
856.0
794.0
727.0
512.0
323.0
118.0
36.0
0.0
0.0
0.0
0.0
0.0
0.0
0.0
0.0
0.0
9.0
138.0
312.0
498.0
637.0
797.0
893.0
935.0
871.0
805.0
643.0
455.0
344.0
193.0
31.0
0.0
0.0
0.0
0.0
0.0
3.3000000000000003
955.9000000000001
