7.31
7.24
7.16
7.41
7.65
7.89
9.38
10.87
12.36
12.74
13.12
13.5
12.9
12.3
11.7
10.99
10.28
9.58
9.34
9.11
8.88
8.64
8.4
8.16
2.38
2.59
2.8
2.62
2.45
2.28
2.72
3.16
3.6
3.96
4.33
4.7
4.92
5.14
5.36
4.58
3.79
3.01
2.83
2.65
2.47
2.39
2.3
2.22
-0.96
-0.87
-0.78
-0.77
-0.76
-0.76
0.22
1.2
2.18
4.44
6.71
8.98
8.24
7.5
6.76
5.22
3.68
2.14
1.33
0.51
-0.3
-0.6
-0.9
-1.2
8.03
7.75
7.47
7.32
7.17
7.02
8.44
9.86
11.28
12.6
13.92
15.24
15.16
15.08
15.0
13.8
12.6
11.4
10.65
9.91
9.16
9.01
8.85
8.7
13.98
13.93
13.89
13.69
13.5
13.3
14.37
15.44
16.51
17.03
17.54
18.06
18.17
18.28
18.4
17.39
16.38
15.37
14.86
14.35
13.84
13.71
13.57
13.44
12.91
12.51
12.12
12.74
13.37
14.0
14.85
15.7
16.54
16.41
16.27
16.13
16.22
16.31
16.4
16.11
15.83
15.54
14.77
14.0
13.22
12.94
12.65
12.36
11.74
11.38
11.01
10.93
10.84
10.76
13.82
16.87
19.93
21.56
23.18
24.8
25.32
25.83
26.35
24.55
22.75
20.95
19.37
17.78
16.19
15.2
14.2
13.21
19.11
18.69
18.27
19.14
20.01
20.87
22.16
23.44
24.72
25.49
26.26
27.04
27.22
27.39
27.57
26.73
24.06
23.39
22.72
22.06
21.39
20.73
20.06
19.4
19.72
19.13
18.55
18.77
18.99
19.21
21.08
22.94
24.81
25.6
26.39
27.18
26.48
25.77
25.06
24.41
23.76
23.11
21.96
20.81
19.66
19.48
19.3
19.12
15.98
15.45
14.91
15.67
16.42
17.17
19.22
21.26
23.31
24.52
25.74
26.96
27.32
27.69
28.05
27.44
26.84
26.23
24.77
23.31
21.85
21.26
20.67
20.07
-4.917
37.389
