5.29
4.61
4.67
4.47
4.65
4.86
4.58
4.67
4.02
5.73
6.81
7.9
7.99
6.51
7.54
8.05
5.77
5.67
5.58
5.49
5.4
5.31
5.22
5.13
2.41
1.79
1.35
0.97
0.72
0.67
0.7
-0.14
2.2
4.78
6.69
7.35
6.84
6.77
6.72
7.49
7.03
6.56
5.96
3.69
2.42
1.58
1.19
0.99
-2.32
-3.42
-3.89
-4.21
-4.57
-4.82
-4.9
-3.88
-3.52
-3.24
-2.69
-0.9
0.68
1.15
0.68
-0.04
-0.63
-0.8
-1.07
-0.97
-1.44
-1.83
-2.14
-2.44
8.06
7.71
7.47
7.26
7.14
7.0
7.29
8.71
9.38
10.49
11.26
11.91
12.62
12.87
12.89
12.95
11.95
10.96
10.2
8.72
8.28
7.82
7.52
7.28
2.89
1.99
1.56
1.0
0.81
0.89
1.11
1.47
2.81
5.73
6.23
7.52
8.27
8.82
9.02
8.94
8.53
9.39
8.51
8.13
7.16
6.31
5.54
4.55
14.21
13.57
13.48
13.61
13.72
14.16
13.48
13.98
14.37
14.63
15.58
16.01
16.29
16.63
16.46
16.53
16.04
15.14
14.51
13.51
12.63
12.07
11.63
11.05
12.8
12.96
12.81
12.66
12.52
12.38
13.79
15.59
16.82
17.85
18.79
19.94
20.89
21.5
21.61
21.45
21.11
20.44
19.47
17.77
15.85
14.39
13.8
13.44
12.38
12.33
12.09
12.09
12.04
12.0
12.42
14.65
15.32
16.01
16.87
17.27
17.74
17.68
17.8
17.9
17.62
17.19
16.34
15.25
14.41
13.54
12.66
12.0
10.37
9.73
9.2
8.83
8.36
7.71
7.71
11.88
14.28
15.65
16.91
18.05
19.08
19.78
19.93
19.73
19.21
18.33
18.02
17.18
16.27
15.54
15.08
14.52
20.88
20.22
19.77
19.54
19.09
17.82
17.98
21.21
23.87
25.04
25.75
26.35
27.12
27.27
27.4
27.51
27.1
26.02
24.32
22.45
22.42
21.57
20.81
20.03
-11.0
33.88
