-1.4
-2.13
-2.6
-3.15
-4.71
-6.31
-7.41
-8.51
-7.16
-5.51
-3.5
-1.38
0.11
0.29
0.59
0.9
0.87
0.7
0.55
-0.23
-0.27
-0.23
-0.23
-0.97
-0.95
-1.16
-1.18
-1.18
-1.18
-1.17
-1.2
-1.34
-1.46
-1.11
-0.99
-0.6
-0.42
-0.25
-0.49
-0.71
-0.98
-1.17
-1.08
-1.72
-1.79
-1.98
-2.02
-2.06
2.01
1.73
1.54
1.37
1.18
1.03
0.9
1.22
1.31
1.93
2.71
3.22
3.68
3.89
3.64
3.16
2.03
2.32
2.29
2.21
2.0
1.96
1.93
1.99
10.9
10.35
9.83
9.01
8.25
7.16
7.3
9.83
13.04
14.25
15.21
15.53
15.28
14.93
14.51
14.14
13.89
13.61
12.92
11.66
11.39
11.08
10.72
10.57
9.39
9.42
9.58
9.45
9.68
9.3
9.5
10.21
10.32
11.41
12.79
13.6
13.91
14.37
14.27
13.65
12.84
12.26
11.74
11.64
10.98
10.29
9.77
7.66
14.85
14.73
14.55
14.43
14.31
14.15
14.09
13.68
14.78
15.45
15.88
16.43
16.75
17.34
17.66
17.26
16.97
16.44
16.18
15.9
15.6
15.04
14.52
13.91
14.52
14.5
15.12
15.03
14.84
15.04
14.15
15.27
15.93
17.0
18.1
18.92
19.27
18.44
16.59
16.01
16.21
15.89
14.92
13.78
12.42
11.74
11.16
10.7
14.76
14.15
13.75
13.72
13.55
13.37
14.68
14.81
15.12
15.89
15.84
16.46
17.19
17.39
17.3
16.96
16.63
16.07
15.9
15.99
15.46
14.89
14.37
13.66
15.33
14.91
14.63
14.43
14.33
14.27
14.67
16.75
17.95
18.74
19.43
20.18
20.88
21.23
21.11
20.9
20.49
19.93
19.18
18.61
18.74
18.21
17.71
17.3
20.59
19.73
19.13
18.65
18.51
18.16
19.95
21.98
23.33
24.43
25.51
26.07
26.15
26.63
26.97
27.27
27.37
27.08
26.09
23.85
22.68
21.41
20.47
19.29
-14.509
31.262000000000004
