-0.000000000000000000e+00
-0.000000000000000000e+00
-0.000000000000000000e+00
-0.000000000000000000e+00
-0.000000000000000000e+00
-0.000000000000000000e+00
-0.000000000000000000e+00
-0.000000000000000000e+00
4.578184076800000391e+00
3.265660016739999350e+01
3.964039412610002699e+01
6.381548051590001336e+01
3.414105099400000398e+01
3.261973731099999441e+01
2.537920975839999471e+01
1.386825150020000308e+01
2.689156049699999773e+00
-0.000000000000000000e+00
-0.000000000000000000e+00
-0.000000000000000000e+00
-0.000000000000000000e+00
-0.000000000000000000e+00
-0.000000000000000000e+00
-0.000000000000000000e+00
-0.000000000000000000e+00
-0.000000000000000000e+00
-0.000000000000000000e+00
-0.000000000000000000e+00
-0.000000000000000000e+00
3.740966941900000453e+00
2.900208637469999928e+01
4.135970398500000300e+01
4.556294846290000322e+01
4.574772484840000430e+01
5.268873425859999315e+01
9.522304680380000264e+01
1.430991533040999570e+02
2.657456912615999158e+02
4.650054882340000972e+02
6.191934851043998833e+02
6.605413901231999034e+02
5.421732807738999327e+02
2.217971521512000663e+02
5.805183459200000229e+00
-0.000000000000000000e+00
-0.000000000000000000e+00
-0.000000000000000000e+00
-0.000000000000000000e+00
-0.000000000000000000e+00
-0.000000000000000000e+00
-0.000000000000000000e+00
-0.000000000000000000e+00
-0.000000000000000000e+00
-0.000000000000000000e+00
-0.000000000000000000e+00
-0.000000000000000000e+00
3.434216223000000401e+00
1.958944189809999514e+01
3.532434969070001074e+01
4.187787325080000755e+01
3.795725823600001547e+01
3.704592650070001980e+01
3.048215182880000995e+01
1.862745670309999824e+01
7.464573569599999736e+00
-0.000000000000000000e+00
-0.000000000000000000e+00
-0.000000000000000000e+00
-0.000000000000000000e+00
-0.000000000000000000e+00
-0.000000000000000000e+00
-0.000000000000000000e+00
-0.000000000000000000e+00
-0.000000000000000000e+00
-0.000000000000000000e+00
-0.000000000000000000e+00
-0.000000000000000000e+00
-0.000000000000000000e+00
7.300923104500000704e+00
3.646032686230000763e+01
4.541736221049999500e+01
4.378308299399999015e+01
5.002953342580000395e+01
5.325095499340000771e+01
6.439070543809999947e+01
2.538713214397999991e+02
4.773170798794999996e+02
6.034018415694999931e+02
6.504162555612998631e+02
4.961465610305000951e+02
9.696228775299999825e+01
-0.000000000000000000e+00
-0.000000000000000000e+00
-0.000000000000000000e+00
-0.000000000000000000e+00
-0.000000000000000000e+00
-0.000000000000000000e+00
-0.000000000000000000e+00
-0.000000000000000000e+00
-0.000000000000000000e+00
-0.000000000000000000e+00
-0.000000000000000000e+00
-0.000000000000000000e+00
4.772802196000000663e+00
2.080286986609999289e+01
3.871882223350000629e+01
5.392976343649999649e+01
6.534641783879999366e+01
7.148069106260000183e+01
7.193129228710002110e+01
6.578812505960001999e+01
5.270951561429998833e+01
3.379722036930000684e+01
1.296253057310000223e+01
1.338629305600000041e+00
-0.000000000000000000e+00
-0.000000000000000000e+00
-0.000000000000000000e+00
-0.000000000000000000e+00
-0.000000000000000000e+00
-0.000000000000000000e+00
-0.000000000000000000e+00
-0.000000000000000000e+00
-0.000000000000000000e+00
-0.000000000000000000e+00
-0.000000000000000000e+00
5.287938884699997288e+00
3.401879354369999930e+01
4.344398677489999017e+01
4.333373461720000108e+01
4.559532280290000017e+01
5.198567318979998930e+01
8.392863310490000117e+01
2.759361209448999261e+02
4.551729305763999491e+02
5.600251554244000545e+02
5.104996677232000479e+02
2.747753943596001136e+02
6.572175798600002672e+00
-0.000000000000000000e+00
-0.000000000000000000e+00
-0.000000000000000000e+00
-0.000000000000000000e+00
-0.000000000000000000e+00
-0.000000000000000000e+00
-0.000000000000000000e+00
-0.000000000000000000e+00
-0.000000000000000000e+00
-0.000000000000000000e+00
9.179839579100001146e+00
3.490316224089999508e+01
4.888183108330000692e+01
4.947428106190000818e+01
5.127204422490000724e+01
5.016625664529998119e+01
5.378111809470000537e+01
6.256264531549999930e+01
2.476240272674000380e+02
4.391068634610001027e+02
6.005074759775001212e+02
6.667125039766999635e+02
6.097176133629998276e+02
3.759788768192998987e+02
8.595821236570004942e+01
1.377368028999999883e+00
-0.000000000000000000e+00
-0.000000000000000000e+00
-0.000000000000000000e+00
-0.000000000000000000e+00
-0.000000000000000000e+00
-0.000000000000000000e+00
-0.000000000000000000e+00
-0.000000000000000000e+00
-0.000000000000000000e+00
-0.000000000000000000e+00
8.696669701999998336e-01
9.938932932900002015e+00
2.470185966709999903e+01
4.168638368470000444e+01
5.694428494499999260e+01
6.847463446640000484e+01
7.387388963929998908e+01
6.798339120049999451e+01
4.469390122059999015e+01
9.722398214500000080e+00
-0.000000000000000000e+00
-0.000000000000000000e+00
-0.000000000000000000e+00
-0.000000000000000000e+00
-0.000000000000000000e+00
-0.000000000000000000e+00
-0.000000000000000000e+00
-0.000000000000000000e+00
-0.000000000000000000e+00
-0.000000000000000000e+00
-0.000000000000000000e+00
-0.000000000000000000e+00
-0.000000000000000000e+00
8.649930607999998244e-01
1.155107306620000074e+01
2.921080842880000361e+01
4.615483863770000994e+01
6.758369707390004066e+01
8.628077645369997128e+01
1.023335501363000049e+02
1.158427555097000123e+02
1.227499027126999920e+02
1.131659156730999740e+02
7.183871166729996105e+01
2.373426599050001329e+01
1.374922341099999779e+00
-0.000000000000000000e+00
-0.000000000000000000e+00
-0.000000000000000000e+00
-0.000000000000000000e+00
-0.000000000000000000e+00
-0.000000000000000000e+00
-0.000000000000000000e+00
-0.000000000000000000e+00
-0.000000000000000000e+00
-0.000000000000000000e+00
1.299136579899999644e+00
2.208207293010000427e+01
4.407357762419998437e+01
5.241873074770000329e+01
4.469485513370000263e+01
5.881140179620001618e+01
6.227120036069999998e+01
8.664681223660002729e+01
2.527231961125000339e+02
4.402742550546000757e+02
5.825882423246000599e+02
6.338988851977002241e+02
5.164622504725000454e+02
2.155423402255999861e+02
5.121147384300002159e+00
-0.000000000000000000e+00
-0.000000000000000000e+00
-0.000000000000000000e+00
-0.000000000000000000e+00
-0.000000000000000000e+00
6.667125039766999635e+02
