-0.000000000000000000e+00
-0.000000000000000000e+00
-0.000000000000000000e+00
-0.000000000000000000e+00
-0.000000000000000000e+00
-0.000000000000000000e+00
5.567415966300000463e+00
3.130475274949999331e+01
5.863426118409999077e+01
8.406998349669999016e+01
8.410177415180005767e+01
1.025248527058000292e+02
1.406594149321999225e+02
1.526330444038000280e+02
1.556773476465000101e+02
1.417062377773999913e+02
1.329804526100000146e+02
8.073361520449999773e+01
1.643195866630000168e+01
-0.000000000000000000e+00
-0.000000000000000000e+00
-0.000000000000000000e+00
-0.000000000000000000e+00
-0.000000000000000000e+00
-0.000000000000000000e+00
-0.000000000000000000e+00
-0.000000000000000000e+00
-0.000000000000000000e+00
-0.000000000000000000e+00
-0.000000000000000000e+00
-0.000000000000000000e+00
-0.000000000000000000e+00
1.259322709769999804e+01
3.646558029430001113e+01
3.659742877530000982e+01
4.299893659340001761e+01
5.115501972240001294e+01
1.726763304061999804e+02
3.620849276969001949e+02
4.550710085166998624e+02
2.715055420803000175e+02
4.892366783100000838e+00
-0.000000000000000000e+00
-0.000000000000000000e+00
-0.000000000000000000e+00
-0.000000000000000000e+00
-0.000000000000000000e+00
-0.000000000000000000e+00
-0.000000000000000000e+00
-0.000000000000000000e+00
-0.000000000000000000e+00
-0.000000000000000000e+00
-0.000000000000000000e+00
1.222897626779999847e+01
3.957359658300001115e+01
4.787952202940002167e+01
5.140881615560000029e+01
7.226326983810000115e+01
7.855715795579999394e+01
8.668861198900002307e+01
6.604915854799997987e+01
2.895057959790999007e+02
4.702095138742999438e+02
5.715583514648001255e+02
5.718710095540999419e+02
4.504200685474998522e+02
2.143669769654999300e+02
1.566160974910000192e+01
4.395031782999999637e-01
-0.000000000000000000e+00
-0.000000000000000000e+00
-0.000000000000000000e+00
-0.000000000000000000e+00
-0.000000000000000000e+00
-0.000000000000000000e+00
-0.000000000000000000e+00
-0.000000000000000000e+00
-0.000000000000000000e+00
1.293935591300000132e+00
2.332759694589999455e+01
3.675406488360000168e+01
4.504112816780000372e+01
4.527123982150000359e+01
4.814553388249998989e+01
7.731953574250000827e+01
2.717933597667000640e+02
2.802064128935001008e+02
8.518261751059999654e+01
4.390952671420000542e+01
8.592691785499997792e+00
-0.000000000000000000e+00
-0.000000000000000000e+00
-0.000000000000000000e+00
-0.000000000000000000e+00
-0.000000000000000000e+00
-0.000000000000000000e+00
-0.000000000000000000e+00
-0.000000000000000000e+00
-0.000000000000000000e+00
-0.000000000000000000e+00
-0.000000000000000000e+00
6.464105921699998980e+00
3.014094842919999806e+01
5.778491912989998269e+01
8.323771939889998350e+01
8.099482341699996368e+01
1.020246755392000040e+02
1.277640470577000116e+02
2.078807956889999105e+02
2.436827192540999931e+02
3.439573570517999315e+02
4.366423370320001140e+02
3.974806260987000428e+02
3.129813958882999714e+02
1.507198876260999612e+02
1.416247057159999656e+01
4.395415836999999604e-01
-0.000000000000000000e+00
-0.000000000000000000e+00
-0.000000000000000000e+00
-0.000000000000000000e+00
-0.000000000000000000e+00
-0.000000000000000000e+00
-0.000000000000000000e+00
-0.000000000000000000e+00
-0.000000000000000000e+00
1.712753715200000304e+00
2.522349302749999467e+01
4.965413436269999892e+01
7.018506598350002434e+01
7.726722663630002330e+01
9.532363159599998426e+01
1.194205969758000236e+02
1.574838501855999766e+02
1.305368294790000334e+02
1.105534386187000138e+02
7.334724988699997539e+01
1.976338622419999780e+01
4.347321392000000340e-01
-0.000000000000000000e+00
-0.000000000000000000e+00
-0.000000000000000000e+00
-0.000000000000000000e+00
-0.000000000000000000e+00
-0.000000000000000000e+00
-0.000000000000000000e+00
-0.000000000000000000e+00
-0.000000000000000000e+00
-0.000000000000000000e+00
5.432678292399999442e+00
3.254921079590000943e+01
4.449102464050000094e+01
4.982513983329999263e+01
5.019885259469998573e+01
5.570715417130001867e+01
5.934519593159998863e+01
8.796970269059997349e+01
2.781380346441000597e+02
5.003420824759998595e+02
6.272654564930002152e+02
6.947667633723001472e+02
5.557987490309999430e+02
2.983670955583999103e+02
8.426801682100000690e+00
-0.000000000000000000e+00
-0.000000000000000000e+00
-0.000000000000000000e+00
-0.000000000000000000e+00
-0.000000000000000000e+00
-0.000000000000000000e+00
-0.000000000000000000e+00
-0.000000000000000000e+00
-0.000000000000000000e+00
1.299373123299999877e+00
2.287061846380001384e+01
4.437497709950000058e+01
5.074828340010000005e+01
4.743269071290000483e+01
4.826936957110001458e+01
5.564388437700000622e+01
9.033544189520003442e+01
2.449465927354999621e+02
2.975782628088000479e+02
2.297345900116000053e+02
2.686295097815000190e+02
2.317036162412999545e+02
1.185572065835000473e+02
4.946004722099998752e+00
-0.000000000000000000e+00
-0.000000000000000000e+00
-0.000000000000000000e+00
-0.000000000000000000e+00
-0.000000000000000000e+00
-0.000000000000000000e+00
-0.000000000000000000e+00
-0.000000000000000000e+00
-0.000000000000000000e+00
9.926187403500000173e+00
3.984044515149999199e+01
4.650681244190001706e+01
5.011232815109996608e+01
5.170718723230000791e+01
4.711878323489999332e+01
5.416861787989997623e+01
7.674964379529998837e+01
2.647003072966999753e+02
4.974097557403998735e+02
6.322289316740999539e+02
6.885301017743998955e+02
6.041171939021998014e+02
3.655473571137000022e+02
1.627521789040000044e+01
-0.000000000000000000e+00
-0.000000000000000000e+00
-0.000000000000000000e+00
-0.000000000000000000e+00
-0.000000000000000000e+00
-0.000000000000000000e+00
-0.000000000000000000e+00
-0.000000000000000000e+00
-0.000000000000000000e+00
1.299136579899999644e+00
2.208207293010000427e+01
4.407357762419998437e+01
5.241873074770000329e+01
4.469485513370000263e+01
5.881140179620001618e+01
6.227120036069999998e+01
8.664681223660002729e+01
2.527231961125000339e+02
4.402742550546000757e+02
5.825882423246000599e+02
6.338988851977002241e+02
5.164622504725000454e+02
2.155423402255999861e+02
5.121147384300002159e+00
-0.000000000000000000e+00
-0.000000000000000000e+00
-0.000000000000000000e+00
-0.000000000000000000e+00
-0.000000000000000000e+00
6.947667633723001472e+02
