0,0
1,0
2,0
3,0
4,0
5,0
6,0
7,0
8,0
9,0
10,0
11,0
12,0
13,0
14,0
15,0
16,0
17,0
18,0
19,0
20,0
21,0
22,0
23,0
24,0
25,0
26,0
27,0
28,0
29,0
30,0
31,0
32,0
33,0
34,0
35,0
36,0
37,0
38,0
39,0
40,0
41,0
42,0
43,0
44,0
45,0
46,0
47,0
48,1
49,1
50,1
51,1
52,1
53,1
54,1
55,1
56,1
57,1
58,1
59,1
60,1
61,1
62,1
63,1
64,1
65,1
66,1
67,1
68,1
69,1
70,1
71,1
72,1
73,1
74,1
75,1
76,1
77,1
78,1
79,1
80,1
81,1
82,1
83,1
84,1
85,1
86,1
87,1
88,1
89,1
90,1
91,1
92,1
93,1
94,1
95,1
96,1
97,1
98,1
99,1
100,1
101,1
102,1
103,1
104,1
105,1
106,1
107,1
108,1
109,1
110,1
111,1
112,1
113,1
114,1
115,1
116,1
117,1
118,1
119,1
120,1
121,1
122,1
123,1
124,1
125,1
126,1
127,1
128,1
129,1
130,1
131,1
132,1
133,1
134,1
135,1
136,1
137,1
138,1
139,1
140,1
141,1
142,1
143,1
144,1
145,1
146,1
147,1
148,1
149,1
150,1
151,1
152,1
153,1
154,1
155,1
156,1
157,1
158,1
159,1
160,1
161,1
162,1
163,1
164,1
165,1
166,1
167,1
168,0
169,0
170,0
171,0
172,0
173,0
174,0
175,0
176,0
177,0
178,0
179,0
180,0
181,0
182,0
183,0
184,0
185,0
186,0
187,0
188,0
189,0
190,0
191,0
192,0
193,0
194,0
195,0
196,0
197,0
198,0
199,0
200,0
201,0
202,0
203,0
204,0
205,0
206,0
207,0
208,0
209,0
210,0
211,0
212,0
213,0
214,0
215,0
216,1
217,1
218,1
219,1
220,1
221,1
222,1
223,1
224,1
225,1
226,1
227,1
228,1
229,1
230,1
231,1
232,1
233,1
234,1
235,1
236,1
237,1
238,1
239,1
240,1
241,1
242,1
243,1
244,1
245,1
246,1
247,1
248,1
249,1
250,1
251,1
252,1
253,1
254,1
255,1
256,1
257,1
258,1
259,1
260,1
261,1
262,1
263,1
264,1
265,1
266,1
267,1
268,1
269,1
270,1
271,1
272,1
273,1
274,1
275,1
276,1
277,1
278,1
279,1
280,1
281,1
282,1
283,1
284,1
285,1
286,1
287,1
288,1
289,1
290,1
291,1
292,1
293,1
294,1
295,1
296,1
297,1
298,1
299,1
300,1
301,1
302,1
303,1
304,1
305,1
306,1
307,1
308,1
309,1
310,1
311,1
312,1
313,1
314,1
315,1
316,1
317,1
318,1
319,1
320,1
321,1
322,1
323,1
324,1
325,1
326,1
327,1
328,1
329,1
330,1
331,1
332,1
333,1
334,1
335,1
336,0
337,0
338,0
339,0
340,0
341,0
342,0
343,0
344,0
345,0
346,0
347,0
348,0
349,0
350,0
351,0
352,0
353,0
354,0
355,0
356,0
357,0
358,0
359,0
360,0
361,0
362,0
363,0
364,0
365,0
366,0
367,0
368,0
369,0
370,0
371,0
372,0
373,0
374,0
375,0
376,0
377,0
378,0
379,0
380,0
381,0
382,0
383,0
384,1
385,1
386,1
387,1
388,1
389,1
390,1
391,1
392,1
393,1
394,1
395,1
396,1
397,1
398,1
399,1
400,1
401,1
402,1
403,1
404,1
405,1
406,1
407,1
408,1
409,1
410,1
411,1
412,1
413,1
414,1
415,1
416,1
417,1
418,1
419,1
420,1
421,1
422,1
423,1
424,1
425,1
426,1
427,1
428,1
429,1
430,1
431,1
432,1
433,1
434,1
435,1
436,1
437,1
438,1
439,1
440,1
441,1
442,1
443,1
444,1
445,1
446,1
447,1
448,1
449,1
450,1
451,1
452,1
453,1
454,1
455,1
456,1
457,1
458,1
459,1
460,1
461,1
462,1
463,1
464,1
465,1
466,1
467,1
468,1
469,1
470,1
471,1
472,1
473,1
474,1
475,1
476,1
477,1
478,1
479,1
480,1
481,1
482,1
483,1
484,1
485,1
486,1
487,1
488,1
489,1
490,1
491,1
492,1
493,1
494,1
495,1
496,1
497,1
498,1
499,1
500,1
501,1
502,1
503,1
504,0
505,0
506,0
507,0
508,0
509,0
510,0
511,0
512,0
513,0
514,0
515,0
516,0
517,0
518,0
519,0
520,0
521,0
522,0
523,0
524,0
525,0
526,0
527,0
528,0
529,0
530,0
531,0
532,0
533,0
534,0
535,0
536,0
537,0
538,0
539,0
540,0
541,0
542,0
543,0
544,0
545,0
546,0
547,0
548,0
549,0
550,0
551,0
552,1
553,1
554,1
555,1
556,1
557,1
558,1
559,1
560,1
561,1
562,1
563,1
564,1
565,1
566,1
567,1
568,1
569,1
570,1
571,1
572,1
573,1
574,1
575,1
576,1
577,1
578,1
579,1
580,1
581,1
582,1
583,1
584,1
585,1
586,1
587,1
588,1
589,1
590,1
591,1
592,1
593,1
594,1
595,1
596,1
597,1
598,1
599,1
600,1
601,1
602,1
603,1
604,1
605,1
606,1
607,1
608,1
609,1
610,1
611,1
612,1
613,1
614,1
615,1
616,1
617,1
618,1
619,1
620,1
621,1
622,1
623,1
624,1
625,1
626,1
627,1
628,1
629,1
630,1
631,1
632,1
633,1
634,1
635,1
636,1
637,1
638,1
639,1
640,1
641,1
642,1
643,1
644,1
645,1
646,1
647,1
648,1
649,1
650,1
651,1
652,1
653,1
654,1
655,1
656,1
657,1
658,1
659,1
660,1
661,1
662,1
663,1
664,1
665,1
666,1
667,1
668,1
669,1
670,1
671,1
672,0
673,0
674,0
675,0
676,0
677,0
678,0
679,0
680,0
681,0
682,0
683,0
684,0
685,0
686,0
687,0
688,0
689,0
690,0
691,0
692,0
693,0
694,0
695,0
696,0
697,0
698,0
699,0
700,0
701,0
702,0
703,0
704,0
705,0
706,0
707,0
708,0
709,0
710,0
711,0
712,0
713,0
714,0
715,0
716,0
717,0
718,0
719,0
720,1
721,1
722,1
723,1
724,1
725,1
726,1
727,1
728,1
729,1
730,1
731,1
732,1
733,1
734,1
735,1
736,1
737,1
738,1
739,1
740,1
741,1
742,1
743,1
744,1
745,1
746,1
747,1
748,1
749,1
750,1
751,1
752,1
753,1
754,1
755,1
756,1
757,1
758,1
759,1
760,1
761,1
762,1
763,1
764,1
765,1
766,1
767,1
768,1
769,1
770,1
771,1
772,1
773,1
774,1
775,1
776,1
777,1
778,1
779,1
780,1
781,1
782,1
783,1
784,1
785,1
786,1
787,1
788,1
789,1
790,1
791,1
792,1
793,1
794,1
795,1
796,1
797,1
798,1
799,1
800,1
801,1
802,1
803,1
804,1
805,1
806,1
807,1
808,1
809,1
810,1
811,1
812,1
813,1
814,1
815,1
816,1
817,1
818,1
819,1
820,1
821,1
822,1
823,1
824,1
825,1
826,1
827,1
828,1
829,1
830,1
831,1
832,1
833,1
834,1
835,1
836,1
837,1
838,1
839,1
840,0
841,0
842,0
843,0
844,0
845,0
846,0
847,0
848,0
849,0
850,0
851,0
852,0
853,0
854,0
855,0
856,0
857,0
858,0
859,0
860,0
861,0
862,0
863,0
864,0
865,0
866,0
867,0
868,0
869,0
870,0
871,0
872,0
873,0
874,0
875,0
876,0
877,0
878,0
879,0
880,0
881,0
882,0
883,0
884,0
885,0
886,0
887,0
888,1
889,1
890,1
891,1
892,1
893,1
894,1
895,1
896,1
897,1
898,1
899,1
900,1
901,1
902,1
903,1
904,1
905,1
906,1
907,1
908,1
909,1
910,1
911,1
912,1
913,1
914,1
915,1
916,1
917,1
918,1
919,1
920,1
921,1
922,1
923,1
924,1
925,1
926,1
927,1
928,1
929,1
930,1
931,1
932,1
933,1
934,1
935,1
936,1
937,1
938,1
939,1
940,1
941,1
942,1
943,1
944,1
945,1
946,1
947,1
948,1
949,1
950,1
951,1
952,1
953,1
954,1
955,1
956,1
957,1
958,1
959,1
960,1
961,1
962,1
963,1
964,1
965,1
966,1
967,1
968,1
969,1
970,1
971,1
972,1
973,1
974,1
975,1
976,1
977,1
978,1
979,1
980,1
981,1
982,1
983,1
984,1
985,1
986,1
987,1
988,1
989,1
990,1
991,1
992,1
993,1
994,1
995,1
996,1
997,1
998,1
999,1
1000,1
1001,1
1002,1
1003,1
1004,1
1005,1
1006,1
1007,1
1008,0
1009,0
1010,0
1011,0
1012,0
1013,0
1014,0
1015,0
1016,0
1017,0
1018,0
1019,0
1020,0
1021,0
1022,0
1023,0
1024,0
1025,0
1026,0
1027,0
1028,0
1029,0
1030,0
1031,0
1032,0
1033,0
1034,0
1035,0
1036,0
1037,0
1038,0
1039,0
1040,0
1041,0
1042,0
1043,0
1044,0
1045,0
1046,0
1047,0
1048,0
1049,0
1050,0
1051,0
1052,0
1053,0
1054,0
1055,0
1056,1
1057,1
1058,1
1059,1
1060,1
1061,1
1062,1
1063,1
1064,1
1065,1
1066,1
1067,1
1068,1
1069,1
1070,1
1071,1
1072,1
1073,1
1074,1
1075,1
1076,1
1077,1
1078,1
1079,1
1080,1
1081,1
1082,1
1083,1
1084,1
1085,1
1086,1
1087,1
1088,1
1089,1
1090,1
1091,1
1092,1
1093,1
1094,1
1095,1
1096,1
1097,1
1098,1
1099,1
1100,1
1101,1
1102,1
1103,1
1104,1
1105,1
1106,1
1107,1
1108,1
1109,1
1110,1
1111,1
1112,1
1113,1
1114,1
1115,1
1116,1
1117,1
1118,1
1119,1
1120,1
1121,1
1122,1
1123,1
1124,1
1125,1
1126,1
1127,1
1128,1
1129,1
1130,1
1131,1
1132,1
1133,1
1134,1
1135,1
1136,1
1137,1
1138,1
1139,1
1140,1
1141,1
1142,1
1143,1
1144,1
1145,1
1146,1
1147,1
1148,1
1149,1
1150,1
1151,1
1152,1
1153,1
1154,1
1155,1
1156,1
1157,1
1158,1
1159,1
1160,1
1161,1
1162,1
1163,1
1164,1
1165,1
1166,1
1167,1
1168,1
1169,1
1170,1
1171,1
1172,1
1173,1
1174,1
1175,1
1176,0
1177,0
1178,0
1179,0
1180,0
1181,0
1182,0
1183,0
1184,0
1185,0
1186,0
1187,0
1188,0
1189,0
1190,0
1191,0
1192,0
1193,0
1194,0
1195,0
1196,0
1197,0
1198,0
1199,0
1200,0
1201,0
1202,0
1203,0
1204,0
1205,0
1206,0
1207,0
1208,0
1209,0
1210,0
1211,0
1212,0
1213,0
1214,0
1215,0
1216,0
1217,0
1218,0
1219,0
1220,0
1221,0
1222,0
1223,0
1224,1
1225,1
1226,1
1227,1
1228,1
1229,1
1230,1
1231,1
1232,1
1233,1
1234,1
1235,1
1236,1
1237,1
1238,1
1239,1
1240,1
1241,1
1242,1
1243,1
1244,1
1245,1
1246,1
1247,1
1248,1
1249,1
1250,1
1251,1
1252,1
1253,1
1254,1
1255,1
1256,1
1257,1
1258,1
1259,1
1260,1
1261,1
1262,1
1263,1
1264,1
1265,1
1266,1
1267,1
1268,1
1269,1
1270,1
1271,1
1272,1
1273,1
1274,1
1275,1
1276,1
1277,1
1278,1
1279,1
1280,1
1281,1
1282,1
1283,1
1284,1
1285,1
1286,1
1287,1
1288,1
1289,1
1290,1
1291,1
1292,1
1293,1
1294,1
1295,1
1296,1
1297,1
1298,1
1299,1
1300,1
1301,1
1302,1
1303,1
1304,1
1305,1
1306,1
1307,1
1308,1
1309,1
1310,1
1311,1
1312,1
1313,1
1314,1
1315,1
1316,1
1317,1
1318,1
1319,1
1320,1
1321,1
1322,1
1323,1
1324,1
1325,1
1326,1
1327,1
1328,1
1329,1
1330,1
1331,1
1332,1
1333,1
1334,1
1335,1
1336,1
1337,1
1338,1
1339,1
1340,1
1341,1
1342,1
1343,1
1344,0
1345,0
1346,0
1347,0
1348,0
1349,0
1350,0
1351,0
1352,0
1353,0
1354,0
1355,0
1356,0
1357,0
1358,0
1359,0
1360,0
1361,0
1362,0
1363,0
1364,0
1365,0
1366,0
1367,0
1368,0
1369,0
1370,0
1371,0
1372,0
1373,0
1374,0
1375,0
1376,0
1377,0
1378,0
1379,0
1380,0
1381,0
1382,0
1383,0
1384,0
1385,0
1386,0
1387,0
1388,0
1389,0
1390,0
1391,0
1392,1
1393,1
1394,1
1395,1
1396,1
1397,1
1398,1
1399,1
1400,1
1401,1
1402,1
1403,1
1404,1
1405,1
1406,1
1407,1
1408,1
1409,1
1410,1
1411,1
1412,1
1413,1
1414,1
1415,1
1416,1
1417,1
1418,1
1419,1
1420,1
1421,1
1422,1
1423,1
1424,1
1425,1
1426,1
1427,1
1428,1
1429,1
1430,1
1431,1
1432,1
1433,1
1434,1
1435,1
1436,1
1437,1
1438,1
1439,1
1440,1
1441,1
1442,1
1443,1
1444,1
1445,1
1446,1
1447,1
1448,1
1449,1
1450,1
1451,1
1452,1
1453,1
1454,1
1455,1
1456,1
1457,1
1458,1
1459,1
1460,1
1461,1
1462,1
1463,1
1464,1
1465,1
1466,1
1467,1
1468,1
1469,1
1470,1
1471,1
1472,1
1473,1
1474,1
1475,1
1476,1
1477,1
1478,1
1479,1
1480,1
1481,1
1482,1
1483,1
1484,1
1485,1
1486,1
1487,1
1488,1
1489,1
1490,1
1491,1
1492,1
1493,1
1494,1
1495,1
1496,1
1497,1
1498,1
1499,1
1500,1
1501,1
1502,1
1503,1
1504,1
1505,1
1506,1
1507,1
1508,1
1509,1
1510,1
1511,1
1512,0
1513,0
1514,0
1515,0
1516,0
1517,0
1518,0
1519,0
1520,0
1521,0
1522,0
1523,0
1524,0
1525,0
1526,0
1527,0
1528,0
1529,0
1530,0
1531,0
1532,0
1533,0
1534,0
1535,0
1536,0
1537,0
1538,0
1539,0
1540,0
1541,0
1542,0
1543,0
1544,0
1545,0
1546,0
1547,0
1548,0
1549,0
1550,0
1551,0
1552,0
1553,0
1554,0
1555,0
1556,0
1557,0
1558,0
1559,0
1560,1
1561,1
1562,1
1563,1
1564,1
1565,1
1566,1
1567,1
1568,1
1569,1
1570,1
1571,1
1572,1
1573,1
1574,1
1575,1
1576,1
1577,1
1578,1
1579,1
1580,1
1581,1
1582,1
1583,1
1584,1
1585,1
1586,1
1587,1
1588,1
1589,1
1590,1
1591,1
1592,1
1593,1
1594,1
1595,1
1596,1
1597,1
1598,1
1599,1
1600,1
1601,1
1602,1
1603,1
1604,1
1605,1
1606,1
1607,1
1608,1
1609,1
1610,1
1611,1
1612,1
1613,1
1614,1
1615,1
1616,1
1617,1
1618,1
1619,1
1620,1
1621,1
1622,1
1623,1
1624,1
1625,1
1626,1
1627,1
1628,1
1629,1
1630,1
1631,1
1632,1
1633,1
1634,1
1635,1
1636,1
1637,1
1638,1
1639,1
1640,1
1641,1
1642,1
1643,1
1644,1
1645,1
1646,1
1647,1
1648,1
1649,1
1650,1
1651,1
1652,1
1653,1
1654,1
1655,1
1656,1
1657,1
1658,1
1659,1
1660,1
1661,1
1662,1
1663,1
1664,1
1665,1
1666,1
1667,1
1668,1
1669,1
1670,1
1671,1
1672,1
1673,1
1674,1
1675,1
1676,1
1677,1
1678,1
1679,1
1680,0
1681,0
1682,0
1683,0
1684,0
1685,0
1686,0
1687,0
1688,0
1689,0
1690,0
1691,0
1692,0
1693,0
1694,0
1695,0
1696,0
1697,0
1698,0
1699,0
1700,0
1701,0
1702,0
1703,0
1704,0
1705,0
1706,0
1707,0
1708,0
1709,0
1710,0
1711,0
1712,0
1713,0
1714,0
1715,0
1716,0
1717,0
1718,0
1719,0
1720,0
1721,0
1722,0
1723,0
1724,0
1725,0
1726,0
1727,0
1728,1
1729,1
1730,1
1731,1
1732,1
1733,1
1734,1
1735,1
1736,1
1737,1
1738,1
1739,1
1740,1
1741,1
1742,1
1743,1
1744,1
1745,1
1746,1
1747,1
1748,1
1749,1
1750,1
1751,1
1752,1
1753,1
1754,1
1755,1
1756,1
1757,1
1758,1
1759,1
1760,1
1761,1
1762,1
1763,1
1764,1
1765,1
1766,1
1767,1
1768,1
1769,1
1770,1
1771,1
1772,1
1773,1
1774,1
1775,1
1776,1
1777,1
1778,1
1779,1
1780,1
1781,1
1782,1
1783,1
1784,1
1785,1
1786,1
1787,1
1788,1
1789,1
1790,1
1791,1
1792,1
1793,1
1794,1
1795,1
1796,1
1797,1
1798,1
1799,1
1800,1
1801,1
1802,1
1803,1
1804,1
1805,1
1806,1
1807,1
1808,1
1809,1
1810,1
1811,1
1812,1
1813,1
1814,1
1815,1
1816,1
1817,1
1818,1
1819,1
1820,1
1821,1
1822,1
1823,1
1824,1
1825,1
1826,1
1827,1
1828,1
1829,1
1830,1
1831,1
1832,1
1833,1
1834,1
1835,1
1836,1
1837,1
1838,1
1839,1
1840,1
1841,1
1842,1
1843,1
1844,1
1845,1
1846,1
1847,1
1848,0
1849,0
1850,0
1851,0
1852,0
1853,0
1854,0
1855,0
1856,0
1857,0
1858,0
1859,0
1860,0
1861,0
1862,0
1863,0
1864,0
1865,0
1866,0
1867,0
1868,0
1869,0
1870,0
1871,0
1872,0
1873,0
1874,0
1875,0
1876,0
1877,0
1878,0
1879,0
1880,0
1881,0
1882,0
1883,0
1884,0
1885,0
1886,0
1887,0
1888,0
1889,0
1890,0
1891,0
1892,0
1893,0
1894,0
1895,0
1896,1
1897,1
1898,1
1899,1
1900,1
1901,1
1902,1
1903,1
1904,1
1905,1
1906,1
1907,1
1908,1
1909,1
1910,1
1911,1
1912,1
1913,1
1914,1
1915,1
1916,1
1917,1
1918,1
1919,1
1920,1
1921,1
1922,1
1923,1
1924,1
1925,1
1926,1
1927,1
1928,1
1929,1
1930,1
1931,1
1932,1
1933,1
1934,1
1935,1
1936,1
1937,1
1938,1
1939,1
1940,1
1941,1
1942,1
1943,1
1944,1
1945,1
1946,1
1947,1
1948,1
1949,1
1950,1
1951,1
1952,1
1953,1
1954,1
1955,1
1956,1
1957,1
1958,1
1959,1
1960,1
1961,1
1962,1
1963,1
1964,1
1965,1
1966,1
1967,1
1968,1
1969,1
1970,1
1971,1
1972,1
1973,1
1974,1
1975,1
1976,1
1977,1
1978,1
1979,1
1980,1
1981,1
1982,1
1983,1
1984,1
1985,1
1986,1
1987,1
1988,1
1989,1
1990,1
1991,1
1992,1
1993,1
1994,1
1995,1
1996,1
1997,1
1998,1
1999,1
2000,1
2001,1
2002,1
2003,1
2004,1
2005,1
2006,1
2007,1
2008,1
2009,1
2010,1
2011,1
2012,1
2013,1
2014,1
2015,1
2016,0
2017,0
2018,0
2019,0
2020,0
2021,0
2022,0
2023,0
2024,0
2025,0
2026,0
2027,0
2028,0
2029,0
2030,0
2031,0
2032,0
2033,0
2034,0
2035,0
2036,0
2037,0
2038,0
2039,0
2040,0
2041,0
2042,0
2043,0
2044,0
2045,0
2046,0
2047,0
2048,0
2049,0
2050,0
2051,0
2052,0
2053,0
2054,0
2055,0
2056,0
2057,0
2058,0
2059,0
2060,0
2061,0
2062,0
2063,0
2064,1
2065,1
2066,1
2067,1
2068,1
2069,1
2070,1
2071,1
2072,1
2073,1
2074,1
2075,1
2076,1
2077,1
2078,1
2079,1
2080,1
2081,1
2082,1
2083,1
2084,1
2085,1
2086,1
2087,1
2088,1
2089,1
2090,1
2091,1
2092,1
2093,1
2094,1
2095,1
2096,1
2097,1
2098,1
2099,1
2100,1
2101,1
2102,1
2103,1
2104,1
2105,1
2106,1
2107,1
2108,1
2109,1
2110,1
2111,1
2112,1
2113,1
2114,1
2115,1
2116,1
2117,1
2118,1
2119,1
2120,1
2121,1
2122,1
2123,1
2124,1
2125,1
2126,1
2127,1
2128,1
2129,1
2130,1
2131,1
2132,1
2133,1
2134,1
2135,1
2136,1
2137,1
2138,1
2139,1
2140,1
2141,1
2142,1
2143,1
2144,1
2145,1
2146,1
2147,1
2148,1
2149,1
2150,1
2151,1
2152,1
2153,1
2154,1
2155,1
2156,1
2157,1
2158,1
2159,1
2160,1
2161,1
2162,1
2163,1
2164,1
2165,1
2166,1
2167,1
2168,1
2169,1
2170,1
2171,1
2172,1
2173,1
2174,1
2175,1
2176,1
2177,1
2178,1
2179,1
2180,1
2181,1
2182,1
2183,1
2184,0
2185,0
2186,0
2187,0
2188,0
2189,0
2190,0
2191,0
2192,0
2193,0
2194,0
2195,0
2196,0
2197,0
2198,0
2199,0
2200,0
2201,0
2202,0
2203,0
2204,0
2205,0
2206,0
2207,0
2208,0
2209,0
2210,0
2211,0
2212,0
2213,0
2214,0
2215,0
2216,0
2217,0
2218,0
2219,0
2220,0
2221,0
2222,0
2223,0
2224,0
2225,0
2226,0
2227,0
2228,0
2229,0
2230,0
2231,0
2232,1
2233,1
2234,1
2235,1
2236,1
2237,1
2238,1
2239,1
2240,1
2241,1
2242,1
2243,1
2244,1
2245,1
2246,1
2247,1
2248,1
2249,1
2250,1
2251,1
2252,1
2253,1
2254,1
2255,1
2256,1
2257,1
2258,1
2259,1
2260,1
2261,1
2262,1
2263,1
2264,1
2265,1
2266,1
2267,1
2268,1
2269,1
2270,1
2271,1
2272,1
2273,1
2274,1
2275,1
2276,1
2277,1
2278,1
2279,1
2280,1
2281,1
2282,1
2283,1
2284,1
2285,1
2286,1
2287,1
2288,1
2289,1
2290,1
2291,1
2292,1
2293,1
2294,1
2295,1
2296,1
2297,1
2298,1
2299,1
2300,1
2301,1
2302,1
2303,1
2304,1
2305,1
2306,1
2307,1
2308,1
2309,1
2310,1
2311,1
2312,1
2313,1
2314,1
2315,1
2316,1
2317,1
2318,1
2319,1
2320,1
2321,1
2322,1
2323,1
2324,1
2325,1
2326,1
2327,1
2328,1
2329,1
2330,1
2331,1
2332,1
2333,1
2334,1
2335,1
2336,1
2337,1
2338,1
2339,1
2340,1
2341,1
2342,1
2343,1
2344,1
2345,1
2346,1
2347,1
2348,1
2349,1
2350,1
2351,1
2352,0
2353,0
2354,0
2355,0
2356,0
2357,0
2358,0
2359,0
2360,0
2361,0
2362,0
2363,0
2364,0
2365,0
2366,0
2367,0
2368,0
2369,0
2370,0
2371,0
2372,0
2373,0
2374,0
2375,0
2376,0
2377,0
2378,0
2379,0
2380,0
2381,0
2382,0
2383,0
2384,0
2385,0
2386,0
2387,0
2388,0
2389,0
2390,0
2391,0
2392,0
2393,0
2394,0
2395,0
2396,0
2397,0
2398,0
2399,0
2400,1
2401,1
2402,1
2403,1
2404,1
2405,1
2406,1
2407,1
2408,1
2409,1
2410,1
2411,1
2412,1
2413,1
2414,1
2415,1
2416,1
2417,1
2418,1
2419,1
2420,1
2421,1
2422,1
2423,1
2424,1
2425,1
2426,1
2427,1
2428,1
2429,1
2430,1
2431,1
2432,1
2433,1
2434,1
2435,1
2436,1
2437,1
2438,1
2439,1
2440,1
2441,1
2442,1
2443,1
2444,1
2445,1
2446,1
2447,1
2448,1
2449,1
2450,1
2451,1
2452,1
2453,1
2454,1
2455,1
2456,1
2457,1
2458,1
2459,1
2460,1
2461,1
2462,1
2463,1
2464,1
2465,1
2466,1
2467,1
2468,1
2469,1
2470,1
2471,1
2472,1
2473,1
2474,1
2475,1
2476,1
2477,1
2478,1
2479,1
2480,1
2481,1
2482,1
2483,1
2484,1
2485,1
2486,1
2487,1
2488,1
2489,1
2490,1
2491,1
2492,1
2493,1
2494,1
2495,1
2496,1
2497,1
2498,1
2499,1
2500,1
2501,1
2502,1
2503,1
2504,1
2505,1
2506,1
2507,1
2508,1
2509,1
2510,1
2511,1
2512,1
2513,1
2514,1
2515,1
2516,1
2517,1
2518,1
2519,1
2520,0
2521,0
2522,0
2523,0
2524,0
2525,0
2526,0
2527,0
2528,0
2529,0
2530,0
2531,0
2532,0
2533,0
2534,0
2535,0
2536,0
2537,0
2538,0
2539,0
2540,0
2541,0
2542,0
2543,0
2544,0
2545,0
2546,0
2547,0
2548,0
2549,0
2550,0
2551,0
2552,0
2553,0
2554,0
2555,0
2556,0
2557,0
2558,0
2559,0
2560,0
2561,0
2562,0
2563,0
2564,0
2565,0
2566,0
2567,0
2568,1
2569,1
2570,1
2571,1
2572,1
2573,1
2574,1
2575,1
2576,1
2577,1
2578,1
2579,1
2580,1
2581,1
2582,1
2583,1
2584,1
2585,1
2586,1
2587,1
2588,1
2589,1
2590,1
2591,1
2592,1
2593,1
2594,1
2595,1
2596,1
2597,1
2598,1
2599,1
2600,1
2601,1
2602,1
2603,1
2604,1
2605,1
2606,1
2607,1
2608,1
2609,1
2610,1
2611,1
2612,1
2613,1
2614,1
2615,1
2616,1
2617,1
2618,1
2619,1
2620,1
2621,1
2622,1
2623,1
2624,1
2625,1
2626,1
2627,1
2628,1
2629,1
2630,1
2631,1
2632,1
2633,1
2634,1
2635,1
2636,1
2637,1
2638,1
2639,1
2640,1
2641,1
2642,1
2643,1
2644,1
2645,1
2646,1
2647,1
2648,1
2649,1
2650,1
2651,1
2652,1
2653,1
2654,1
2655,1
2656,1
2657,1
2658,1
2659,1
2660,1
2661,1
2662,1
2663,1
2664,1
2665,1
2666,1
2667,1
2668,1
2669,1
2670,1
2671,1
2672,1
2673,1
2674,1
2675,1
2676,1
2677,1
2678,1
2679,1
2680,1
2681,1
2682,1
2683,1
2684,1
2685,1
2686,1
2687,1
2688,0
2689,0
2690,0
2691,0
2692,0
2693,0
2694,0
2695,0
2696,0
2697,0
2698,0
2699,0
2700,0
2701,0
2702,0
2703,0
2704,0
2705,0
2706,0
2707,0
2708,0
2709,0
2710,0
2711,0
2712,0
2713,0
2714,0
2715,0
2716,0
2717,0
2718,0
2719,0
2720,0
2721,0
2722,0
2723,0
2724,0
2725,0
2726,0
2727,0
2728,0
2729,0
2730,0
2731,0
2732,0
2733,0
2734,0
2735,0
2736,1
2737,1
2738,1
2739,1
2740,1
2741,1
2742,1
2743,1
2744,1
2745,1
2746,1
2747,1
2748,1
2749,1
2750,1
2751,1
2752,1
2753,1
2754,1
2755,1
2756,1
2757,1
2758,1
2759,1
2760,1
2761,1
2762,1
2763,1
2764,1
2765,1
2766,1
2767,1
2768,1
2769,1
2770,1
2771,1
2772,1
2773,1
2774,1
2775,1
2776,1
2777,1
2778,1
2779,1
2780,1
2781,1
2782,1
2783,1
2784,1
2785,1
2786,1
2787,1
2788,1
2789,1
2790,1
2791,1
2792,1
2793,1
2794,1
2795,1
2796,1
2797,1
2798,1
2799,1
2800,1
2801,1
2802,1
2803,1
2804,1
2805,1
2806,1
2807,1
2808,1
2809,1
2810,1
2811,1
2812,1
2813,1
2814,1
2815,1
2816,1
2817,1
2818,1
2819,1
2820,1
2821,1
2822,1
2823,1
2824,1
2825,1
2826,1
2827,1
2828,1
2829,1
2830,1
2831,1
2832,1
2833,1
2834,1
2835,1
2836,1
2837,1
2838,1
2839,1
2840,1
2841,1
2842,1
2843,1
2844,1
2845,1
2846,1
2847,1
2848,1
2849,1
2850,1
2851,1
2852,1
2853,1
2854,1
2855,1
2856,0
2857,0
2858,0
2859,0
2860,0
2861,0
2862,0
2863,0
2864,0
2865,0
2866,0
2867,0
2868,0
2869,0
2870,0
2871,0
2872,0
2873,0
2874,0
2875,0
2876,0
2877,0
2878,0
2879,0
2880,0
2881,0
2882,0
2883,0
2884,0
2885,0
2886,0
2887,0
2888,0
2889,0
2890,0
2891,0
2892,0
2893,0
2894,0
2895,0
2896,0
2897,0
2898,0
2899,0
2900,0
2901,0
2902,0
2903,0
2904,1
2905,1
2906,1
2907,1
2908,1
2909,1
2910,1
2911,1
2912,1
2913,1
2914,1
2915,1
2916,1
2917,1
2918,1
2919,1
2920,1
2921,1
2922,1
2923,1
2924,1
2925,1
2926,1
2927,1
2928,1
2929,1
2930,1
2931,1
2932,1
2933,1
2934,1
2935,1
2936,1
2937,1
2938,1
2939,1
2940,1
2941,1
2942,1
2943,1
2944,1
2945,1
2946,1
2947,1
2948,1
2949,1
2950,1
2951,1
2952,1
2953,1
2954,1
2955,1
2956,1
2957,1
2958,1
2959,1
2960,1
2961,1
2962,1
2963,1
2964,1
2965,1
2966,1
2967,1
2968,1
2969,1
2970,1
2971,1
2972,1
2973,1
2974,1
2975,1
2976,1
2977,1
2978,1
2979,1
2980,1
2981,1
2982,1
2983,1
2984,1
2985,1
2986,1
2987,1
2988,1
2989,1
2990,1
2991,1
2992,1
2993,1
2994,1
2995,1
2996,1
2997,1
2998,1
2999,1
3000,1
3001,1
3002,1
3003,1
3004,1
3005,1
3006,1
3007,1
3008,1
3009,1
3010,1
3011,1
3012,1
3013,1
3014,1
3015,1
3016,1
3017,1
3018,1
3019,1
3020,1
3021,1
3022,1
3023,1
3024,0
3025,0
3026,0
3027,0
3028,0
3029,0
3030,0
3031,0
3032,0
3033,0
3034,0
3035,0
3036,0
3037,0
3038,0
3039,0
3040,0
3041,0
3042,0
3043,0
3044,0
3045,0
3046,0
3047,0
3048,0
3049,0
3050,0
3051,0
3052,0
3053,0
3054,0
3055,0
3056,0
3057,0
3058,0
3059,0
3060,0
3061,0
3062,0
3063,0
3064,0
3065,0
3066,0
3067,0
3068,0
3069,0
3070,0
3071,0
3072,1
3073,1
3074,1
3075,1
3076,1
3077,1
3078,1
3079,1
3080,1
3081,1
3082,1
3083,1
3084,1
3085,1
3086,1
3087,1
3088,1
3089,1
3090,1
3091,1
3092,1
3093,1
3094,1
3095,1
3096,1
3097,1
3098,1
3099,1
3100,1
3101,1
3102,1
3103,1
3104,1
3105,1
3106,1
3107,1
3108,1
3109,1
3110,1
3111,1
3112,1
3113,1
3114,1
3115,1
3116,1
3117,1
3118,1
3119,1
3120,1
3121,1
3122,1
3123,1
3124,1
3125,1
3126,1
3127,1
3128,1
3129,1
3130,1
3131,1
3132,1
3133,1
3134,1
3135,1
3136,1
3137,1
3138,1
3139,1
3140,1
3141,1
3142,1
3143,1
3144,1
3145,1
3146,1
3147,1
3148,1
3149,1
3150,1
3151,1
3152,1
3153,1
3154,1
3155,1
3156,1
3157,1
3158,1
3159,1
3160,1
3161,1
3162,1
3163,1
3164,1
3165,1
3166,1
3167,1
3168,1
3169,1
3170,1
3171,1
3172,1
3173,1
3174,1
3175,1
3176,1
3177,1
3178,1
3179,1
3180,1
3181,1
3182,1
3183,1
3184,1
3185,1
3186,1
3187,1
3188,1
3189,1
3190,1
3191,1
3192,0
3193,0
3194,0
3195,0
3196,0
3197,0
3198,0
3199,0
3200,0
3201,0
3202,0
3203,0
3204,0
3205,0
3206,0
3207,0
3208,0
3209,0
3210,0
3211,0
3212,0
3213,0
3214,0
3215,0
3216,0
3217,0
3218,0
3219,0
3220,0
3221,0
3222,0
3223,0
3224,0
3225,0
3226,0
3227,0
3228,0
3229,0
3230,0
3231,0
3232,0
3233,0
3234,0
3235,0
3236,0
3237,0
3238,0
3239,0
3240,1
3241,1
3242,1
3243,1
3244,1
3245,1
3246,1
3247,1
3248,1
3249,1
3250,1
3251,1
3252,1
3253,1
3254,1
3255,1
3256,1
3257,1
3258,1
3259,1
3260,1
3261,1
3262,1
3263,1
3264,1
3265,1
3266,1
3267,1
3268,1
3269,1
3270,1
3271,1
3272,1
3273,1
3274,1
3275,1
3276,1
3277,1
3278,1
3279,1
3280,1
3281,1
3282,1
3283,1
3284,1
3285,1
3286,1
3287,1
3288,1
3289,1
3290,1
3291,1
3292,1
3293,1
3294,1
3295,1
3296,1
3297,1
3298,1
3299,1
3300,1
3301,1
3302,1
3303,1
3304,1
3305,1
3306,1
3307,1
3308,1
3309,1
3310,1
3311,1
3312,1
3313,1
3314,1
3315,1
3316,1
3317,1
3318,1
3319,1
3320,1
3321,1
3322,1
3323,1
3324,1
3325,1
3326,1
3327,1
3328,1
3329,1
3330,1
3331,1
3332,1
3333,1
3334,1
3335,1
3336,1
3337,1
3338,1
3339,1
3340,1
3341,1
3342,1
3343,1
3344,1
3345,1
3346,1
3347,1
3348,1
3349,1
3350,1
3351,1
3352,1
3353,1
3354,1
3355,1
3356,1
3357,1
3358,1
3359,1
3360,0
3361,0
3362,0
3363,0
3364,0
3365,0
3366,0
3367,0
3368,0
3369,0
3370,0
3371,0
3372,0
3373,0
3374,0
3375,0
3376,0
3377,0
3378,0
3379,0
3380,0
3381,0
3382,0
3383,0
3384,0
3385,0
3386,0
3387,0
3388,0
3389,0
3390,0
3391,0
3392,0
3393,0
3394,0
3395,0
3396,0
3397,0
3398,0
3399,0
3400,0
3401,0
3402,0
3403,0
3404,0
3405,0
3406,0
3407,0
3408,1
3409,1
3410,1
3411,1
3412,1
3413,1
3414,1
3415,1
3416,1
3417,1
3418,1
3419,1
3420,1
3421,1
3422,1
3423,1
3424,1
3425,1
3426,1
3427,1
3428,1
3429,1
3430,1
3431,1
3432,1
3433,1
3434,1
3435,1
3436,1
3437,1
3438,1
3439,1
3440,1
3441,1
3442,1
3443,1
3444,1
3445,1
3446,1
3447,1
3448,1
3449,1
3450,1
3451,1
3452,1
3453,1
3454,1
3455,1
3456,1
3457,1
3458,1
3459,1
3460,1
3461,1
3462,1
3463,1
3464,1
3465,1
3466,1
3467,1
3468,1
3469,1
3470,1
3471,1
3472,1
3473,1
3474,1
3475,1
3476,1
3477,1
3478,1
3479,1
3480,1
3481,1
3482,1
3483,1
3484,1
3485,1
3486,1
3487,1
3488,1
3489,1
3490,1
3491,1
3492,1
3493,1
3494,1
3495,1
3496,1
3497,1
3498,1
3499,1
3500,1
3501,1
3502,1
3503,1
3504,1
3505,1
3506,1
3507,1
3508,1
3509,1
3510,1
3511,1
3512,1
3513,1
3514,1
3515,1
3516,1
3517,1
3518,1
3519,1
3520,1
3521,1
3522,1
3523,1
3524,1
3525,1
3526,1
3527,1
3528,0
3529,0
3530,0
3531,0
3532,0
3533,0
3534,0
3535,0
3536,0
3537,0
3538,0
3539,0
3540,0
3541,0
3542,0
3543,0
3544,0
3545,0
3546,0
3547,0
3548,0
3549,0
3550,0
3551,0
3552,0
3553,0
3554,0
3555,0
3556,0
3557,0
3558,0
3559,0
3560,0
3561,0
3562,0
3563,0
3564,0
3565,0
3566,0
3567,0
3568,0
3569,0
3570,0
3571,0
3572,0
3573,0
3574,0
3575,0
3576,1
3577,1
3578,1
3579,1
3580,1
3581,1
3582,1
3583,1
3584,1
3585,1
3586,1
3587,1
3588,1
3589,1
3590,1
3591,1
3592,1
3593,1
3594,1
3595,1
3596,1
3597,1
3598,1
3599,1
3600,1
3601,1
3602,1
3603,1
3604,1
3605,1
3606,1
3607,1
3608,1
3609,1
3610,1
3611,1
3612,1
3613,1
3614,1
3615,1
3616,1
3617,1
3618,1
3619,1
3620,1
3621,1
3622,1
3623,1
3624,1
3625,1
3626,1
3627,1
3628,1
3629,1
3630,1
3631,1
3632,1
3633,1
3634,1
3635,1
3636,1
3637,1
3638,1
3639,1
3640,1
3641,1
3642,1
3643,1
3644,1
3645,1
3646,1
3647,1
3648,1
3649,1
3650,1
3651,1
3652,1
3653,1
3654,1
3655,1
3656,1
3657,1
3658,1
3659,1
3660,1
3661,1
3662,1
3663,1
3664,1
3665,1
3666,1
3667,1
3668,1
3669,1
3670,1
3671,1
3672,1
3673,1
3674,1
3675,1
3676,1
3677,1
3678,1
3679,1
3680,1
3681,1
3682,1
3683,1
3684,1
3685,1
3686,1
3687,1
3688,1
3689,1
3690,1
3691,1
3692,1
3693,1
3694,1
3695,1
3696,0
3697,0
3698,0
3699,0
3700,0
3701,0
3702,0
3703,0
3704,0
3705,0
3706,0
3707,0
3708,0
3709,0
3710,0
3711,0
3712,0
3713,0
3714,0
3715,0
3716,0
3717,0
3718,0
3719,0
3720,0
3721,0
3722,0
3723,0
3724,0
3725,0
3726,0
3727,0
3728,0
3729,0
3730,0
3731,0
3732,0
3733,0
3734,0
3735,0
3736,0
3737,0
3738,0
3739,0
3740,0
3741,0
3742,0
3743,0
3744,1
3745,1
3746,1
3747,1
3748,1
3749,1
3750,1
3751,1
3752,1
3753,1
3754,1
3755,1
3756,1
3757,1
3758,1
3759,1
3760,1
3761,1
3762,1
3763,1
3764,1
3765,1
3766,1
3767,1
3768,1
3769,1
3770,1
3771,1
3772,1
3773,1
3774,1
3775,1
3776,1
3777,1
3778,1
3779,1
3780,1
3781,1
3782,1
3783,1
3784,1
3785,1
3786,1
3787,1
3788,1
3789,1
3790,1
3791,1
3792,1
3793,1
3794,1
3795,1
3796,1
3797,1
3798,1
3799,1
3800,1
3801,1
3802,1
3803,1
3804,1
3805,1
3806,1
3807,1
3808,1
3809,1
3810,1
3811,1
3812,1
3813,1
3814,1
3815,1
3816,1
3817,1
3818,1
3819,1
3820,1
3821,1
3822,1
3823,1
3824,1
3825,1
3826,1
3827,1
3828,1
3829,1
3830,1
3831,1
3832,1
3833,1
3834,1
3835,1
3836,1
3837,1
3838,1
3839,1
3840,1
3841,1
3842,1
3843,1
3844,1
3845,1
3846,1
3847,1
3848,1
3849,1
3850,1
3851,1
3852,1
3853,1
3854,1
3855,1
3856,1
3857,1
3858,1
3859,1
3860,1
3861,1
3862,1
3863,1
3864,0
3865,0
3866,0
3867,0
3868,0
3869,0
3870,0
3871,0
3872,0
3873,0
3874,0
3875,0
3876,0
3877,0
3878,0
3879,0
3880,0
3881,0
3882,0
3883,0
3884,0
3885,0
3886,0
3887,0
3888,0
3889,0
3890,0
3891,0
3892,0
3893,0
3894,0
3895,0
3896,0
3897,0
3898,0
3899,0
3900,0
3901,0
3902,0
3903,0
3904,0
3905,0
3906,0
3907,0
3908,0
3909,0
3910,0
3911,0
3912,1
3913,1
3914,1
3915,1
3916,1
3917,1
3918,1
3919,1
3920,1
3921,1
3922,1
3923,1
3924,1
3925,1
3926,1
3927,1
3928,1
3929,1
3930,1
3931,1
3932,1
3933,1
3934,1
3935,1
3936,1
3937,1
3938,1
3939,1
3940,1
3941,1
3942,1
3943,1
3944,1
3945,1
3946,1
3947,1
3948,1
3949,1
3950,1
3951,1
3952,1
3953,1
3954,1
3955,1
3956,1
3957,1
3958,1
3959,1
3960,1
3961,1
3962,1
3963,1
3964,1
3965,1
3966,1
3967,1
3968,1
3969,1
3970,1
3971,1
3972,1
3973,1
3974,1
3975,1
3976,1
3977,1
3978,1
3979,1
3980,1
3981,1
3982,1
3983,1
3984,1
3985,1
3986,1
3987,1
3988,1
3989,1
3990,1
3991,1
3992,1
3993,1
3994,1
3995,1
3996,1
3997,1
3998,1
3999,1
4000,1
4001,1
4002,1
4003,1
4004,1
4005,1
4006,1
4007,1
4008,1
4009,1
4010,1
4011,1
4012,1
4013,1
4014,1
4015,1
4016,1
4017,1
4018,1
4019,1
4020,1
4021,1
4022,1
4023,1
4024,1
4025,1
4026,1
4027,1
4028,1
4029,1
4030,1
4031,1
4032,0
4033,0
4034,0
4035,0
4036,0
4037,0
4038,0
4039,0
4040,0
4041,0
4042,0
4043,0
4044,0
4045,0
4046,0
4047,0
4048,0
4049,0
4050,0
4051,0
4052,0
4053,0
4054,0
4055,0
4056,0
4057,0
4058,0
4059,0
4060,0
4061,0
4062,0
4063,0
4064,0
4065,0
4066,0
4067,0
4068,0
4069,0
4070,0
4071,0
4072,0
4073,0
4074,0
4075,0
4076,0
4077,0
4078,0
4079,0
4080,1
4081,1
4082,1
4083,1
4084,1
4085,1
4086,1
4087,1
4088,1
4089,1
4090,1
4091,1
4092,1
4093,1
4094,1
4095,1
4096,1
4097,1
4098,1
4099,1
4100,1
4101,1
4102,1
4103,1
4104,1
4105,1
4106,1
4107,1
4108,1
4109,1
4110,1
4111,1
4112,1
4113,1
4114,1
4115,1
4116,1
4117,1
4118,1
4119,1
4120,1
4121,1
4122,1
4123,1
4124,1
4125,1
4126,1
4127,1
4128,1
4129,1
4130,1
4131,1
4132,1
4133,1
4134,1
4135,1
4136,1
4137,1
4138,1
4139,1
4140,1
4141,1
4142,1
4143,1
4144,1
4145,1
4146,1
4147,1
4148,1
4149,1
4150,1
4151,1
4152,1
4153,1
4154,1
4155,1
4156,1
4157,1
4158,1
4159,1
4160,1
4161,1
4162,1
4163,1
4164,1
4165,1
4166,1
4167,1
4168,1
4169,1
4170,1
4171,1
4172,1
4173,1
4174,1
4175,1
4176,1
4177,1
4178,1
4179,1
4180,1
4181,1
4182,1
4183,1
4184,1
4185,1
4186,1
4187,1
4188,1
4189,1
4190,1
4191,1
4192,1
4193,1
4194,1
4195,1
4196,1
4197,1
4198,1
4199,1
4200,0
4201,0
4202,0
4203,0
4204,0
4205,0
4206,0
4207,0
4208,0
4209,0
4210,0
4211,0
4212,0
4213,0
4214,0
4215,0
4216,0
4217,0
4218,0
4219,0
4220,0
4221,0
4222,0
4223,0
4224,0
4225,0
4226,0
4227,0
4228,0
4229,0
4230,0
4231,0
4232,0
4233,0
4234,0
4235,0
4236,0
4237,0
4238,0
4239,0
4240,0
4241,0
4242,0
4243,0
4244,0
4245,0
4246,0
4247,0
4248,1
4249,1
4250,1
4251,1
4252,1
4253,1
4254,1
4255,1
4256,1
4257,1
4258,1
4259,1
4260,1
4261,1
4262,1
4263,1
4264,1
4265,1
4266,1
4267,1
4268,1
4269,1
4270,1
4271,1
4272,1
4273,1
4274,1
4275,1
4276,1
4277,1
4278,1
4279,1
4280,1
4281,1
4282,1
4283,1
4284,1
4285,1
4286,1
4287,1
4288,1
4289,1
4290,1
4291,1
4292,1
4293,1
4294,1
4295,1
4296,1
4297,1
4298,1
4299,1
4300,1
4301,1
4302,1
4303,1
4304,1
4305,1
4306,1
4307,1
4308,1
4309,1
4310,1
4311,1
4312,1
4313,1
4314,1
4315,1
4316,1
4317,1
4318,1
4319,1
4320,1
4321,1
4322,1
4323,1
4324,1
4325,1
4326,1
4327,1
4328,1
4329,1
4330,1
4331,1
4332,1
4333,1
4334,1
4335,1
4336,1
4337,1
4338,1
4339,1
4340,1
4341,1
4342,1
4343,1
4344,1
4345,1
4346,1
4347,1
4348,1
4349,1
4350,1
4351,1
4352,1
4353,1
4354,1
4355,1
4356,1
4357,1
4358,1
4359,1
4360,1
4361,1
4362,1
4363,1
4364,1
4365,1
4366,1
4367,1
4368,0
4369,0
4370,0
4371,0
4372,0
4373,0
4374,0
4375,0
4376,0
4377,0
4378,0
4379,0
4380,0
4381,0
4382,0
4383,0
4384,0
4385,0
4386,0
4387,0
4388,0
4389,0
4390,0
4391,0
4392,0
4393,0
4394,0
4395,0
4396,0
4397,0
4398,0
4399,0
4400,0
4401,0
4402,0
4403,0
4404,0
4405,0
4406,0
4407,0
4408,0
4409,0
4410,0
4411,0
4412,0
4413,0
4414,0
4415,0
4416,1
4417,1
4418,1
4419,1
4420,1
4421,1
4422,1
4423,1
4424,1
4425,1
4426,1
4427,1
4428,1
4429,1
4430,1
4431,1
4432,1
4433,1
4434,1
4435,1
4436,1
4437,1
4438,1
4439,1
4440,1
4441,1
4442,1
4443,1
4444,1
4445,1
4446,1
4447,1
4448,1
4449,1
4450,1
4451,1
4452,1
4453,1
4454,1
4455,1
4456,1
4457,1
4458,1
4459,1
4460,1
4461,1
4462,1
4463,1
4464,1
4465,1
4466,1
4467,1
4468,1
4469,1
4470,1
4471,1
4472,1
4473,1
4474,1
4475,1
4476,1
4477,1
4478,1
4479,1
4480,1
4481,1
4482,1
4483,1
4484,1
4485,1
4486,1
4487,1
4488,1
4489,1
4490,1
4491,1
4492,1
4493,1
4494,1
4495,1
4496,1
4497,1
4498,1
4499,1
4500,1
4501,1
4502,1
4503,1
4504,1
4505,1
4506,1
4507,1
4508,1
4509,1
4510,1
4511,1
4512,1
4513,1
4514,1
4515,1
4516,1
4517,1
4518,1
4519,1
4520,1
4521,1
4522,1
4523,1
4524,1
4525,1
4526,1
4527,1
4528,1
4529,1
4530,1
4531,1
4532,1
4533,1
4534,1
4535,1
4536,0
4537,0
4538,0
4539,0
4540,0
4541,0
4542,0
4543,0
4544,0
4545,0
4546,0
4547,0
4548,0
4549,0
4550,0
4551,0
4552,0
4553,0
4554,0
4555,0
4556,0
4557,0
4558,0
4559,0
4560,0
4561,0
4562,0
4563,0
4564,0
4565,0
4566,0
4567,0
4568,0
4569,0
4570,0
4571,0
4572,0
4573,0
4574,0
4575,0
4576,0
4577,0
4578,0
4579,0
4580,0
4581,0
4582,0
4583,0
4584,1
4585,1
4586,1
4587,1
4588,1
4589,1
4590,1
4591,1
4592,1
4593,1
4594,1
4595,1
4596,1
4597,1
4598,1
4599,1
4600,1
4601,1
4602,1
4603,1
4604,1
4605,1
4606,1
4607,1
4608,1
4609,1
4610,1
4611,1
4612,1
4613,1
4614,1
4615,1
4616,1
4617,1
4618,1
4619,1
4620,1
4621,1
4622,1
4623,1
4624,1
4625,1
4626,1
4627,1
4628,1
4629,1
4630,1
4631,1
4632,1
4633,1
4634,1
4635,1
4636,1
4637,1
4638,1
4639,1
4640,1
4641,1
4642,1
4643,1
4644,1
4645,1
4646,1
4647,1
4648,1
4649,1
4650,1
4651,1
4652,1
4653,1
4654,1
4655,1
4656,1
4657,1
4658,1
4659,1
4660,1
4661,1
4662,1
4663,1
4664,1
4665,1
4666,1
4667,1
4668,1
4669,1
4670,1
4671,1
4672,1
4673,1
4674,1
4675,1
4676,1
4677,1
4678,1
4679,1
4680,1
4681,1
4682,1
4683,1
4684,1
4685,1
4686,1
4687,1
4688,1
4689,1
4690,1
4691,1
4692,1
4693,1
4694,1
4695,1
4696,1
4697,1
4698,1
4699,1
4700,1
4701,1
4702,1
4703,1
4704,0
4705,0
4706,0
4707,0
4708,0
4709,0
4710,0
4711,0
4712,0
4713,0
4714,0
4715,0
4716,0
4717,0
4718,0
4719,0
4720,0
4721,0
4722,0
4723,0
4724,0
4725,0
4726,0
4727,0
4728,0
4729,0
4730,0
4731,0
4732,0
4733,0
4734,0
4735,0
4736,0
4737,0
4738,0
4739,0
4740,0
4741,0
4742,0
4743,0
4744,0
4745,0
4746,0
4747,0
4748,0
4749,0
4750,0
4751,0
4752,1
4753,1
4754,1
4755,1
4756,1
4757,1
4758,1
4759,1
4760,1
4761,1
4762,1
4763,1
4764,1
4765,1
4766,1
4767,1
4768,1
4769,1
4770,1
4771,1
4772,1
4773,1
4774,1
4775,1
4776,1
4777,1
4778,1
4779,1
4780,1
4781,1
4782,1
4783,1
4784,1
4785,1
4786,1
4787,1
4788,1
4789,1
4790,1
4791,1
4792,1
4793,1
4794,1
4795,1
4796,1
4797,1
4798,1
4799,1
4800,1
4801,1
4802,1
4803,1
4804,1
4805,1
4806,1
4807,1
4808,1
4809,1
4810,1
4811,1
4812,1
4813,1
4814,1
4815,1
4816,1
4817,1
4818,1
4819,1
4820,1
4821,1
4822,1
4823,1
4824,1
4825,1
4826,1
4827,1
4828,1
4829,1
4830,1
4831,1
4832,1
4833,1
4834,1
4835,1
4836,1
4837,1
4838,1
4839,1
4840,1
4841,1
4842,1
4843,1
4844,1
4845,1
4846,1
4847,1
4848,1
4849,1
4850,1
4851,1
4852,1
4853,1
4854,1
4855,1
4856,1
4857,1
4858,1
4859,1
4860,1
4861,1
4862,1
4863,1
4864,1
4865,1
4866,1
4867,1
4868,1
4869,1
4870,1
4871,1
4872,0
4873,0
4874,0
4875,0
4876,0
4877,0
4878,0
4879,0
4880,0
4881,0
4882,0
4883,0
4884,0
4885,0
4886,0
4887,0
4888,0
4889,0
4890,0
4891,0
4892,0
4893,0
4894,0
4895,0
4896,0
4897,0
4898,0
4899,0
4900,0
4901,0
4902,0
4903,0
4904,0
4905,0
4906,0
4907,0
4908,0
4909,0
4910,0
4911,0
4912,0
4913,0
4914,0
4915,0
4916,0
4917,0
4918,0
4919,0
4920,1
4921,1
4922,1
4923,1
4924,1
4925,1
4926,1
4927,1
4928,1
4929,1
4930,1
4931,1
4932,1
4933,1
4934,1
4935,1
4936,1
4937,1
4938,1
4939,1
4940,1
4941,1
4942,1
4943,1
4944,1
4945,1
4946,1
4947,1
4948,1
4949,1
4950,1
4951,1
4952,1
4953,1
4954,1
4955,1
4956,1
4957,1
4958,1
4959,1
4960,1
4961,1
4962,1
4963,1
4964,1
4965,1
4966,1
4967,1
4968,1
4969,1
4970,1
4971,1
4972,1
4973,1
4974,1
4975,1
4976,1
4977,1
4978,1
4979,1
4980,1
4981,1
4982,1
4983,1
4984,1
4985,1
4986,1
4987,1
4988,1
4989,1
4990,1
4991,1
4992,1
4993,1
4994,1
4995,1
4996,1
4997,1
4998,1
4999,1
5000,1
5001,1
5002,1
5003,1
5004,1
5005,1
5006,1
5007,1
5008,1
5009,1
5010,1
5011,1
5012,1
5013,1
5014,1
5015,1
5016,1
5017,1
5018,1
5019,1
5020,1
5021,1
5022,1
5023,1
5024,1
5025,1
5026,1
5027,1
5028,1
5029,1
5030,1
5031,1
5032,1
5033,1
5034,1
5035,1
5036,1
5037,1
5038,1
5039,1
5040,0
5041,0
5042,0
5043,0
5044,0
5045,0
5046,0
5047,0
5048,0
5049,0
5050,0
5051,0
5052,0
5053,0
5054,0
5055,0
5056,0
5057,0
5058,0
5059,0
5060,0
5061,0
5062,0
5063,0
5064,0
5065,0
5066,0
5067,0
5068,0
5069,0
5070,0
5071,0
5072,0
5073,0
5074,0
5075,0
5076,0
5077,0
5078,0
5079,0
5080,0
5081,0
5082,0
5083,0
5084,0
5085,0
5086,0
5087,0
5088,1
5089,1
5090,1
5091,1
5092,1
5093,1
5094,1
5095,1
5096,1
5097,1
5098,1
5099,1
5100,1
5101,1
5102,1
5103,1
5104,1
5105,1
5106,1
5107,1
5108,1
5109,1
5110,1
5111,1
5112,1
5113,1
5114,1
5115,1
5116,1
5117,1
5118,1
5119,1
5120,1
5121,1
5122,1
5123,1
5124,1
5125,1
5126,1
5127,1
5128,1
5129,1
5130,1
5131,1
5132,1
5133,1
5134,1
5135,1
5136,1
5137,1
5138,1
5139,1
5140,1
5141,1
5142,1
5143,1
5144,1
5145,1
5146,1
5147,1
5148,1
5149,1
5150,1
5151,1
5152,1
5153,1
5154,1
5155,1
5156,1
5157,1
5158,1
5159,1
5160,1
5161,1
5162,1
5163,1
5164,1
5165,1
5166,1
5167,1
5168,1
5169,1
5170,1
5171,1
5172,1
5173,1
5174,1
5175,1
5176,1
5177,1
5178,1
5179,1
5180,1
5181,1
5182,1
5183,1
5184,1
5185,1
5186,1
5187,1
5188,1
5189,1
5190,1
5191,1
5192,1
5193,1
5194,1
5195,1
5196,1
5197,1
5198,1
5199,1
5200,1
5201,1
5202,1
5203,1
5204,1
5205,1
5206,1
5207,1
5208,0
5209,0
5210,0
5211,0
5212,0
5213,0
5214,0
5215,0
5216,0
5217,0
5218,0
5219,0
5220,0
5221,0
5222,0
5223,0
5224,0
5225,0
5226,0
5227,0
5228,0
5229,0
5230,0
5231,0
5232,0
5233,0
5234,0
5235,0
5236,0
5237,0
5238,0
5239,0
5240,0
5241,0
5242,0
5243,0
5244,0
5245,0
5246,0
5247,0
5248,0
5249,0
5250,0
5251,0
5252,0
5253,0
5254,0
5255,0
5256,1
5257,1
5258,1
5259,1
5260,1
5261,1
5262,1
5263,1
5264,1
5265,1
5266,1
5267,1
5268,1
5269,1
5270,1
5271,1
5272,1
5273,1
5274,1
5275,1
5276,1
5277,1
5278,1
5279,1
5280,1
5281,1
5282,1
5283,1
5284,1
5285,1
5286,1
5287,1
5288,1
5289,1
5290,1
5291,1
5292,1
5293,1
5294,1
5295,1
5296,1
5297,1
5298,1
5299,1
5300,1
5301,1
5302,1
5303,1
5304,1
5305,1
5306,1
5307,1
5308,1
5309,1
5310,1
5311,1
5312,1
5313,1
5314,1
5315,1
5316,1
5317,1
5318,1
5319,1
5320,1
5321,1
5322,1
5323,1
5324,1
5325,1
5326,1
5327,1
5328,1
5329,1
5330,1
5331,1
5332,1
5333,1
5334,1
5335,1
5336,1
5337,1
5338,1
5339,1
5340,1
5341,1
5342,1
5343,1
5344,1
5345,1
5346,1
5347,1
5348,1
5349,1
5350,1
5351,1
5352,1
5353,1
5354,1
5355,1
5356,1
5357,1
5358,1
5359,1
5360,1
5361,1
5362,1
5363,1
5364,1
5365,1
5366,1
5367,1
5368,1
5369,1
5370,1
5371,1
5372,1
5373,1
5374,1
5375,1
5376,0
5377,0
5378,0
5379,0
5380,0
5381,0
5382,0
5383,0
5384,0
5385,0
5386,0
5387,0
5388,0
5389,0
5390,0
5391,0
5392,0
5393,0
5394,0
5395,0
5396,0
5397,0
5398,0
5399,0
5400,0
5401,0
5402,0
5403,0
5404,0
5405,0
5406,0
5407,0
5408,0
5409,0
5410,0
5411,0
5412,0
5413,0
5414,0
5415,0
5416,0
5417,0
5418,0
5419,0
5420,0
5421,0
5422,0
5423,0
5424,1
5425,1
5426,1
5427,1
5428,1
5429,1
5430,1
5431,1
5432,1
5433,1
5434,1
5435,1
5436,1
5437,1
5438,1
5439,1
5440,1
5441,1
5442,1
5443,1
5444,1
5445,1
5446,1
5447,1
5448,1
5449,1
5450,1
5451,1
5452,1
5453,1
5454,1
5455,1
5456,1
5457,1
5458,1
5459,1
5460,1
5461,1
5462,1
5463,1
5464,1
5465,1
5466,1
5467,1
5468,1
5469,1
5470,1
5471,1
5472,1
5473,1
5474,1
5475,1
5476,1
5477,1
5478,1
5479,1
5480,1
5481,1
5482,1
5483,1
5484,1
5485,1
5486,1
5487,1
5488,1
5489,1
5490,1
5491,1
5492,1
5493,1
5494,1
5495,1
5496,1
5497,1
5498,1
5499,1
5500,1
5501,1
5502,1
5503,1
5504,1
5505,1
5506,1
5507,1
5508,1
5509,1
5510,1
5511,1
5512,1
5513,1
5514,1
5515,1
5516,1
5517,1
5518,1
5519,1
5520,1
5521,1
5522,1
5523,1
5524,1
5525,1
5526,1
5527,1
5528,1
5529,1
5530,1
5531,1
5532,1
5533,1
5534,1
5535,1
5536,1
5537,1
5538,1
5539,1
5540,1
5541,1
5542,1
5543,1
5544,0
5545,0
5546,0
5547,0
5548,0
5549,0
5550,0
5551,0
5552,0
5553,0
5554,0
5555,0
5556,0
5557,0
5558,0
5559,0
5560,0
5561,0
5562,0
5563,0
5564,0
5565,0
5566,0
5567,0
5568,0
5569,0
5570,0
5571,0
5572,0
5573,0
5574,0
5575,0
5576,0
5577,0
5578,0
5579,0
5580,0
5581,0
5582,0
5583,0
5584,0
5585,0
5586,0
5587,0
5588,0
5589,0
5590,0
5591,0
5592,1
5593,1
5594,1
5595,1
5596,1
5597,1
5598,1
5599,1
5600,1
5601,1
5602,1
5603,1
5604,1
5605,1
5606,1
5607,1
5608,1
5609,1
5610,1
5611,1
5612,1
5613,1
5614,1
5615,1
5616,1
5617,1
5618,1
5619,1
5620,1
5621,1
5622,1
5623,1
5624,1
5625,1
5626,1
5627,1
5628,1
5629,1
5630,1
5631,1
5632,1
5633,1
5634,1
5635,1
5636,1
5637,1
5638,1
5639,1
5640,1
5641,1
5642,1
5643,1
5644,1
5645,1
5646,1
5647,1
5648,1
5649,1
5650,1
5651,1
5652,1
5653,1
5654,1
5655,1
5656,1
5657,1
5658,1
5659,1
5660,1
5661,1
5662,1
5663,1
5664,1
5665,1
5666,1
5667,1
5668,1
5669,1
5670,1
5671,1
5672,1
5673,1
5674,1
5675,1
5676,1
5677,1
5678,1
5679,1
5680,1
5681,1
5682,1
5683,1
5684,1
5685,1
5686,1
5687,1
5688,1
5689,1
5690,1
5691,1
5692,1
5693,1
5694,1
5695,1
5696,1
5697,1
5698,1
5699,1
5700,1
5701,1
5702,1
5703,1
5704,1
5705,1
5706,1
5707,1
5708,1
5709,1
5710,1
5711,1
5712,0
5713,0
5714,0
5715,0
5716,0
5717,0
5718,0
5719,0
5720,0
5721,0
5722,0
5723,0
5724,0
5725,0
5726,0
5727,0
5728,0
5729,0
5730,0
5731,0
5732,0
5733,0
5734,0
5735,0
5736,0
5737,0
5738,0
5739,0
5740,0
5741,0
5742,0
5743,0
5744,0
5745,0
5746,0
5747,0
5748,0
5749,0
5750,0
5751,0
5752,0
5753,0
5754,0
5755,0
5756,0
5757,0
5758,0
5759,0
5760,1
5761,1
5762,1
5763,1
5764,1
5765,1
5766,1
5767,1
5768,1
5769,1
5770,1
5771,1
5772,1
5773,1
5774,1
5775,1
5776,1
5777,1
5778,1
5779,1
5780,1
5781,1
5782,1
5783,1
5784,1
5785,1
5786,1
5787,1
5788,1
5789,1
5790,1
5791,1
5792,1
5793,1
5794,1
5795,1
5796,1
5797,1
5798,1
5799,1
5800,1
5801,1
5802,1
5803,1
5804,1
5805,1
5806,1
5807,1
5808,1
5809,1
5810,1
5811,1
5812,1
5813,1
5814,1
5815,1
5816,1
5817,1
5818,1
5819,1
5820,1
5821,1
5822,1
5823,1
5824,1
5825,1
5826,1
5827,1
5828,1
5829,1
5830,1
5831,1
5832,1
5833,1
5834,1
5835,1
5836,1
5837,1
5838,1
5839,1
5840,1
5841,1
5842,1
5843,1
5844,1
5845,1
5846,1
5847,1
5848,1
5849,1
5850,1
5851,1
5852,1
5853,1
5854,1
5855,1
5856,1
5857,1
5858,1
5859,1
5860,1
5861,1
5862,1
5863,1
5864,1
5865,1
5866,1
5867,1
5868,1
5869,1
5870,1
5871,1
5872,1
5873,1
5874,1
5875,1
5876,1
5877,1
5878,1
5879,1
5880,0
5881,0
5882,0
5883,0
5884,0
5885,0
5886,0
5887,0
5888,0
5889,0
5890,0
5891,0
5892,0
5893,0
5894,0
5895,0
5896,0
5897,0
5898,0
5899,0
5900,0
5901,0
5902,0
5903,0
5904,0
5905,0
5906,0
5907,0
5908,0
5909,0
5910,0
5911,0
5912,0
5913,0
5914,0
5915,0
5916,0
5917,0
5918,0
5919,0
5920,0
5921,0
5922,0
5923,0
5924,0
5925,0
5926,0
5927,0
5928,1
5929,1
5930,1
5931,1
5932,1
5933,1
5934,1
5935,1
5936,1
5937,1
5938,1
5939,1
5940,1
5941,1
5942,1
5943,1
5944,1
5945,1
5946,1
5947,1
5948,1
5949,1
5950,1
5951,1
5952,1
5953,1
5954,1
5955,1
5956,1
5957,1
5958,1
5959,1
5960,1
5961,1
5962,1
5963,1
5964,1
5965,1
5966,1
5967,1
5968,1
5969,1
5970,1
5971,1
5972,1
5973,1
5974,1
5975,1
5976,1
5977,1
5978,1
5979,1
5980,1
5981,1
5982,1
5983,1
5984,1
5985,1
5986,1
5987,1
5988,1
5989,1
5990,1
5991,1
5992,1
5993,1
5994,1
5995,1
5996,1
5997,1
5998,1
5999,1
6000,1
6001,1
6002,1
6003,1
6004,1
6005,1
6006,1
6007,1
6008,1
6009,1
6010,1
6011,1
6012,1
6013,1
6014,1
6015,1
6016,1
6017,1
6018,1
6019,1
6020,1
6021,1
6022,1
6023,1
6024,1
6025,1
6026,1
6027,1
6028,1
6029,1
6030,1
6031,1
6032,1
6033,1
6034,1
6035,1
6036,1
6037,1
6038,1
6039,1
6040,1
6041,1
6042,1
6043,1
6044,1
6045,1
6046,1
6047,1
6048,0
6049,0
6050,0
6051,0
6052,0
6053,0
6054,0
6055,0
6056,0
6057,0
6058,0
6059,0
6060,0
6061,0
6062,0
6063,0
6064,0
6065,0
6066,0
6067,0
6068,0
6069,0
6070,0
6071,0
6072,0
6073,0
6074,0
6075,0
6076,0
6077,0
6078,0
6079,0
6080,0
6081,0
6082,0
6083,0
6084,0
6085,0
6086,0
6087,0
6088,0
6089,0
6090,0
6091,0
6092,0
6093,0
6094,0
6095,0
6096,1
6097,1
6098,1
6099,1
6100,1
6101,1
6102,1
6103,1
6104,1
6105,1
6106,1
6107,1
6108,1
6109,1
6110,1
6111,1
6112,1
6113,1
6114,1
6115,1
6116,1
6117,1
6118,1
6119,1
6120,1
6121,1
6122,1
6123,1
6124,1
6125,1
6126,1
6127,1
6128,1
6129,1
6130,1
6131,1
6132,1
6133,1
6134,1
6135,1
6136,1
6137,1
6138,1
6139,1
6140,1
6141,1
6142,1
6143,1
6144,1
6145,1
6146,1
6147,1
6148,1
6149,1
6150,1
6151,1
6152,1
6153,1
6154,1
6155,1
6156,1
6157,1
6158,1
6159,1
6160,1
6161,1
6162,1
6163,1
6164,1
6165,1
6166,1
6167,1
6168,1
6169,1
6170,1
6171,1
6172,1
6173,1
6174,1
6175,1
6176,1
6177,1
6178,1
6179,1
6180,1
6181,1
6182,1
6183,1
6184,1
6185,1
6186,1
6187,1
6188,1
6189,1
6190,1
6191,1
6192,1
6193,1
6194,1
6195,1
6196,1
6197,1
6198,1
6199,1
6200,1
6201,1
6202,1
6203,1
6204,1
6205,1
6206,1
6207,1
6208,1
6209,1
6210,1
6211,1
6212,1
6213,1
6214,1
6215,1
6216,0
6217,0
6218,0
6219,0
6220,0
6221,0
6222,0
6223,0
6224,0
6225,0
6226,0
6227,0
6228,0
6229,0
6230,0
6231,0
6232,0
6233,0
6234,0
6235,0
6236,0
6237,0
6238,0
6239,0
6240,0
6241,0
6242,0
6243,0
6244,0
6245,0
6246,0
6247,0
6248,0
6249,0
6250,0
6251,0
6252,0
6253,0
6254,0
6255,0
6256,0
6257,0
6258,0
6259,0
6260,0
6261,0
6262,0
6263,0
6264,1
6265,1
6266,1
6267,1
6268,1
6269,1
6270,1
6271,1
6272,1
6273,1
6274,1
6275,1
6276,1
6277,1
6278,1
6279,1
6280,1
6281,1
6282,1
6283,1
6284,1
6285,1
6286,1
6287,1
6288,1
6289,1
6290,1
6291,1
6292,1
6293,1
6294,1
6295,1
6296,1
6297,1
6298,1
6299,1
6300,1
6301,1
6302,1
6303,1
6304,1
6305,1
6306,1
6307,1
6308,1
6309,1
6310,1
6311,1
6312,1
6313,1
6314,1
6315,1
6316,1
6317,1
6318,1
6319,1
6320,1
6321,1
6322,1
6323,1
6324,1
6325,1
6326,1
6327,1
6328,1
6329,1
6330,1
6331,1
6332,1
6333,1
6334,1
6335,1
6336,1
6337,1
6338,1
6339,1
6340,1
6341,1
6342,1
6343,1
6344,1
6345,1
6346,1
6347,1
6348,1
6349,1
6350,1
6351,1
6352,1
6353,1
6354,1
6355,1
6356,1
6357,1
6358,1
6359,1
6360,1
6361,1
6362,1
6363,1
6364,1
6365,1
6366,1
6367,1
6368,1
6369,1
6370,1
6371,1
6372,1
6373,1
6374,1
6375,1
6376,1
6377,1
6378,1
6379,1
6380,1
6381,1
6382,1
6383,1
6384,0
6385,0
6386,0
6387,0
6388,0
6389,0
6390,0
6391,0
6392,0
6393,0
6394,0
6395,0
6396,0
6397,0
6398,0
6399,0
6400,0
6401,0
6402,0
6403,0
6404,0
6405,0
6406,0
6407,0
6408,0
6409,0
6410,0
6411,0
6412,0
6413,0
6414,0
6415,0
6416,0
6417,0
6418,0
6419,0
6420,0
6421,0
6422,0
6423,0
6424,0
6425,0
6426,0
6427,0
6428,0
6429,0
6430,0
6431,0
6432,1
6433,1
6434,1
6435,1
6436,1
6437,1
6438,1
6439,1
6440,1
6441,1
6442,1
6443,1
6444,1
6445,1
6446,1
6447,1
6448,1
6449,1
6450,1
6451,1
6452,1
6453,1
6454,1
6455,1
6456,1
6457,1
6458,1
6459,1
6460,1
6461,1
6462,1
6463,1
6464,1
6465,1
6466,1
6467,1
6468,1
6469,1
6470,1
6471,1
6472,1
6473,1
6474,1
6475,1
6476,1
6477,1
6478,1
6479,1
6480,1
6481,1
6482,1
6483,1
6484,1
6485,1
6486,1
6487,1
6488,1
6489,1
6490,1
6491,1
6492,1
6493,1
6494,1
6495,1
6496,1
6497,1
6498,1
6499,1
6500,1
6501,1
6502,1
6503,1
6504,1
6505,1
6506,1
6507,1
6508,1
6509,1
6510,1
6511,1
6512,1
6513,1
6514,1
6515,1
6516,1
6517,1
6518,1
6519,1
6520,1
6521,1
6522,1
6523,1
6524,1
6525,1
6526,1
6527,1
6528,1
6529,1
6530,1
6531,1
6532,1
6533,1
6534,1
6535,1
6536,1
6537,1
6538,1
6539,1
6540,1
6541,1
6542,1
6543,1
6544,1
6545,1
6546,1
6547,1
6548,1
6549,1
6550,1
6551,1
6552,0
6553,0
6554,0
6555,0
6556,0
6557,0
6558,0
6559,0
6560,0
6561,0
6562,0
6563,0
6564,0
6565,0
6566,0
6567,0
6568,0
6569,0
6570,0
6571,0
6572,0
6573,0
6574,0
6575,0
6576,0
6577,0
6578,0
6579,0
6580,0
6581,0
6582,0
6583,0
6584,0
6585,0
6586,0
6587,0
6588,0
6589,0
6590,0
6591,0
6592,0
6593,0
6594,0
6595,0
6596,0
6597,0
6598,0
6599,0
6600,1
6601,1
6602,1
6603,1
6604,1
6605,1
6606,1
6607,1
6608,1
6609,1
6610,1
6611,1
6612,1
6613,1
6614,1
6615,1
6616,1
6617,1
6618,1
6619,1
6620,1
6621,1
6622,1
6623,1
6624,1
6625,1
6626,1
6627,1
6628,1
6629,1
6630,1
6631,1
6632,1
6633,1
6634,1
6635,1
6636,1
6637,1
6638,1
6639,1
6640,1
6641,1
6642,1
6643,1
6644,1
6645,1
6646,1
6647,1
6648,1
6649,1
6650,1
6651,1
6652,1
6653,1
6654,1
6655,1
6656,1
6657,1
6658,1
6659,1
6660,1
6661,1
6662,1
6663,1
6664,1
6665,1
6666,1
6667,1
6668,1
6669,1
6670,1
6671,1
6672,1
6673,1
6674,1
6675,1
6676,1
6677,1
6678,1
6679,1
6680,1
6681,1
6682,1
6683,1
6684,1
6685,1
6686,1
6687,1
6688,1
6689,1
6690,1
6691,1
6692,1
6693,1
6694,1
6695,1
6696,1
6697,1
6698,1
6699,1
6700,1
6701,1
6702,1
6703,1
6704,1
6705,1
6706,1
6707,1
6708,1
6709,1
6710,1
6711,1
6712,1
6713,1
6714,1
6715,1
6716,1
6717,1
6718,1
6719,1
6720,0
6721,0
6722,0
6723,0
6724,0
6725,0
6726,0
6727,0
6728,0
6729,0
6730,0
6731,0
6732,0
6733,0
6734,0
6735,0
6736,0
6737,0
6738,0
6739,0
6740,0
6741,0
6742,0
6743,0
6744,0
6745,0
6746,0
6747,0
6748,0
6749,0
6750,0
6751,0
6752,0
6753,0
6754,0
6755,0
6756,0
6757,0
6758,0
6759,0
6760,0
6761,0
6762,0
6763,0
6764,0
6765,0
6766,0
6767,0
6768,1
6769,1
6770,1
6771,1
6772,1
6773,1
6774,1
6775,1
6776,1
6777,1
6778,1
6779,1
6780,1
6781,1
6782,1
6783,1
6784,1
6785,1
6786,1
6787,1
6788,1
6789,1
6790,1
6791,1
6792,1
6793,1
6794,1
6795,1
6796,1
6797,1
6798,1
6799,1
6800,1
6801,1
6802,1
6803,1
6804,1
6805,1
6806,1
6807,1
6808,1
6809,1
6810,1
6811,1
6812,1
6813,1
6814,1
6815,1
6816,1
6817,1
6818,1
6819,1
6820,1
6821,1
6822,1
6823,1
6824,1
6825,1
6826,1
6827,1
6828,1
6829,1
6830,1
6831,1
6832,1
6833,1
6834,1
6835,1
6836,1
6837,1
6838,1
6839,1
6840,1
6841,1
6842,1
6843,1
6844,1
6845,1
6846,1
6847,1
6848,1
6849,1
6850,1
6851,1
6852,1
6853,1
6854,1
6855,1
6856,1
6857,1
6858,1
6859,1
6860,1
6861,1
6862,1
6863,1
6864,1
6865,1
6866,1
6867,1
6868,1
6869,1
6870,1
6871,1
6872,1
6873,1
6874,1
6875,1
6876,1
6877,1
6878,1
6879,1
6880,1
6881,1
6882,1
6883,1
6884,1
6885,1
6886,1
6887,1
6888,0
6889,0
6890,0
6891,0
6892,0
6893,0
6894,0
6895,0
6896,0
6897,0
6898,0
6899,0
6900,0
6901,0
6902,0
6903,0
6904,0
6905,0
6906,0
6907,0
6908,0
6909,0
6910,0
6911,0
6912,0
6913,0
6914,0
6915,0
6916,0
6917,0
6918,0
6919,0
6920,0
6921,0
6922,0
6923,0
6924,0
6925,0
6926,0
6927,0
6928,0
6929,0
6930,0
6931,0
6932,0
6933,0
6934,0
6935,0
6936,1
6937,1
6938,1
6939,1
6940,1
6941,1
6942,1
6943,1
6944,1
6945,1
6946,1
6947,1
6948,1
6949,1
6950,1
6951,1
6952,1
6953,1
6954,1
6955,1
6956,1
6957,1
6958,1
6959,1
6960,1
6961,1
6962,1
6963,1
6964,1
6965,1
6966,1
6967,1
6968,1
6969,1
6970,1
6971,1
6972,1
6973,1
6974,1
6975,1
6976,1
6977,1
6978,1
6979,1
6980,1
6981,1
6982,1
6983,1
6984,1
6985,1
6986,1
6987,1
6988,1
6989,1
6990,1
6991,1
6992,1
6993,1
6994,1
6995,1
6996,1
6997,1
6998,1
6999,1
7000,1
7001,1
7002,1
7003,1
7004,1
7005,1
7006,1
7007,1
7008,1
7009,1
7010,1
7011,1
7012,1
7013,1
7014,1
7015,1
7016,1
7017,1
7018,1
7019,1
7020,1
7021,1
7022,1
7023,1
7024,1
7025,1
7026,1
7027,1
7028,1
7029,1
7030,1
7031,1
7032,1
7033,1
7034,1
7035,1
7036,1
7037,1
7038,1
7039,1
7040,1
7041,1
7042,1
7043,1
7044,1
7045,1
7046,1
7047,1
7048,1
7049,1
7050,1
7051,1
7052,1
7053,1
7054,1
7055,1
7056,0
7057,0
7058,0
7059,0
7060,0
7061,0
7062,0
7063,0
7064,0
7065,0
7066,0
7067,0
7068,0
7069,0
7070,0
7071,0
7072,0
7073,0
7074,0
7075,0
7076,0
7077,0
7078,0
7079,0
7080,0
7081,0
7082,0
7083,0
7084,0
7085,0
7086,0
7087,0
7088,0
7089,0
7090,0
7091,0
7092,0
7093,0
7094,0
7095,0
7096,0
7097,0
7098,0
7099,0
7100,0
7101,0
7102,0
7103,0
7104,1
7105,1
7106,1
7107,1
7108,1
7109,1
7110,1
7111,1
7112,1
7113,1
7114,1
7115,1
7116,1
7117,1
7118,1
7119,1
7120,1
7121,1
7122,1
7123,1
7124,1
7125,1
7126,1
7127,1
7128,1
7129,1
7130,1
7131,1
7132,1
7133,1
7134,1
7135,1
7136,1
7137,1
7138,1
7139,1
7140,1
7141,1
7142,1
7143,1
7144,1
7145,1
7146,1
7147,1
7148,1
7149,1
7150,1
7151,1
7152,1
7153,1
7154,1
7155,1
7156,1
7157,1
7158,1
7159,1
7160,1
7161,1
7162,1
7163,1
7164,1
7165,1
7166,1
7167,1
7168,1
7169,1
7170,1
7171,1
7172,1
7173,1
7174,1
7175,1
7176,1
7177,1
7178,1
7179,1
7180,1
7181,1
7182,1
7183,1
7184,1
7185,1
7186,1
7187,1
7188,1
7189,1
7190,1
7191,1
7192,1
7193,1
7194,1
7195,1
7196,1
7197,1
7198,1
7199,1
7200,1
7201,1
7202,1
7203,1
7204,1
7205,1
7206,1
7207,1
7208,1
7209,1
7210,1
7211,1
7212,1
7213,1
7214,1
7215,1
7216,1
7217,1
7218,1
7219,1
7220,1
7221,1
7222,1
7223,1
7224,0
7225,0
7226,0
7227,0
7228,0
7229,0
7230,0
7231,0
7232,0
7233,0
7234,0
7235,0
7236,0
7237,0
7238,0
7239,0
7240,0
7241,0
7242,0
7243,0
7244,0
7245,0
7246,0
7247,0
7248,0
7249,0
7250,0
7251,0
7252,0
7253,0
7254,0
7255,0
7256,0
7257,0
7258,0
7259,0
7260,0
7261,0
7262,0
7263,0
7264,0
7265,0
7266,0
7267,0
7268,0
7269,0
7270,0
7271,0
7272,1
7273,1
7274,1
7275,1
7276,1
7277,1
7278,1
7279,1
7280,1
7281,1
7282,1
7283,1
7284,1
7285,1
7286,1
7287,1
7288,1
7289,1
7290,1
7291,1
7292,1
7293,1
7294,1
7295,1
7296,1
7297,1
7298,1
7299,1
7300,1
7301,1
7302,1
7303,1
7304,1
7305,1
7306,1
7307,1
7308,1
7309,1
7310,1
7311,1
7312,1
7313,1
7314,1
7315,1
7316,1
7317,1
7318,1
7319,1
7320,1
7321,1
7322,1
7323,1
7324,1
7325,1
7326,1
7327,1
7328,1
7329,1
7330,1
7331,1
7332,1
7333,1
7334,1
7335,1
7336,1
7337,1
7338,1
7339,1
7340,1
7341,1
7342,1
7343,1
7344,1
7345,1
7346,1
7347,1
7348,1
7349,1
7350,1
7351,1
7352,1
7353,1
7354,1
7355,1
7356,1
7357,1
7358,1
7359,1
7360,1
7361,1
7362,1
7363,1
7364,1
7365,1
7366,1
7367,1
7368,1
7369,1
7370,1
7371,1
7372,1
7373,1
7374,1
7375,1
7376,1
7377,1
7378,1
7379,1
7380,1
7381,1
7382,1
7383,1
7384,1
7385,1
7386,1
7387,1
7388,1
7389,1
7390,1
7391,1
7392,0
7393,0
7394,0
7395,0
7396,0
7397,0
7398,0
7399,0
7400,0
7401,0
7402,0
7403,0
7404,0
7405,0
7406,0
7407,0
7408,0
7409,0
7410,0
7411,0
7412,0
7413,0
7414,0
7415,0
7416,0
7417,0
7418,0
7419,0
7420,0
7421,0
7422,0
7423,0
7424,0
7425,0
7426,0
7427,0
7428,0
7429,0
7430,0
7431,0
7432,0
7433,0
7434,0
7435,0
7436,0
7437,0
7438,0
7439,0
7440,1
7441,1
7442,1
7443,1
7444,1
7445,1
7446,1
7447,1
7448,1
7449,1
7450,1
7451,1
7452,1
7453,1
7454,1
7455,1
7456,1
7457,1
7458,1
7459,1
7460,1
7461,1
7462,1
7463,1
7464,1
7465,1
7466,1
7467,1
7468,1
7469,1
7470,1
7471,1
7472,1
7473,1
7474,1
7475,1
7476,1
7477,1
7478,1
7479,1
7480,1
7481,1
7482,1
7483,1
7484,1
7485,1
7486,1
7487,1
7488,1
7489,1
7490,1
7491,1
7492,1
7493,1
7494,1
7495,1
7496,1
7497,1
7498,1
7499,1
7500,1
7501,1
7502,1
7503,1
7504,1
7505,1
7506,1
7507,1
7508,1
7509,1
7510,1
7511,1
7512,1
7513,1
7514,1
7515,1
7516,1
7517,1
7518,1
7519,1
7520,1
7521,1
7522,1
7523,1
7524,1
7525,1
7526,1
7527,1
7528,1
7529,1
7530,1
7531,1
7532,1
7533,1
7534,1
7535,1
7536,1
7537,1
7538,1
7539,1
7540,1
7541,1
7542,1
7543,1
7544,1
7545,1
7546,1
7547,1
7548,1
7549,1
7550,1
7551,1
7552,1
7553,1
7554,1
7555,1
7556,1
7557,1
7558,1
7559,1
7560,0
7561,0
7562,0
7563,0
7564,0
7565,0
7566,0
7567,0
7568,0
7569,0
7570,0
7571,0
7572,0
7573,0
7574,0
7575,0
7576,0
7577,0
7578,0
7579,0
7580,0
7581,0
7582,0
7583,0
7584,0
7585,0
7586,0
7587,0
7588,0
7589,0
7590,0
7591,0
7592,0
7593,0
7594,0
7595,0
7596,0
7597,0
7598,0
7599,0
7600,0
7601,0
7602,0
7603,0
7604,0
7605,0
7606,0
7607,0
7608,1
7609,1
7610,1
7611,1
7612,1
7613,1
7614,1
7615,1
7616,1
7617,1
7618,1
7619,1
7620,1
7621,1
7622,1
7623,1
7624,1
7625,1
7626,1
7627,1
7628,1
7629,1
7630,1
7631,1
7632,1
7633,1
7634,1
7635,1
7636,1
7637,1
7638,1
7639,1
7640,1
7641,1
7642,1
7643,1
7644,1
7645,1
7646,1
7647,1
7648,1
7649,1
7650,1
7651,1
7652,1
7653,1
7654,1
7655,1
7656,1
7657,1
7658,1
7659,1
7660,1
7661,1
7662,1
7663,1
7664,1
7665,1
7666,1
7667,1
7668,1
7669,1
7670,1
7671,1
7672,1
7673,1
7674,1
7675,1
7676,1
7677,1
7678,1
7679,1
7680,1
7681,1
7682,1
7683,1
7684,1
7685,1
7686,1
7687,1
7688,1
7689,1
7690,1
7691,1
7692,1
7693,1
7694,1
7695,1
7696,1
7697,1
7698,1
7699,1
7700,1
7701,1
7702,1
7703,1
7704,1
7705,1
7706,1
7707,1
7708,1
7709,1
7710,1
7711,1
7712,1
7713,1
7714,1
7715,1
7716,1
7717,1
7718,1
7719,1
7720,1
7721,1
7722,1
7723,1
7724,1
7725,1
7726,1
7727,1
7728,0
7729,0
7730,0
7731,0
7732,0
7733,0
7734,0
7735,0
7736,0
7737,0
7738,0
7739,0
7740,0
7741,0
7742,0
7743,0
7744,0
7745,0
7746,0
7747,0
7748,0
7749,0
7750,0
7751,0
7752,0
7753,0
7754,0
7755,0
7756,0
7757,0
7758,0
7759,0
7760,0
7761,0
7762,0
7763,0
7764,0
7765,0
7766,0
7767,0
7768,0
7769,0
7770,0
7771,0
7772,0
7773,0
7774,0
7775,0
7776,1
7777,1
7778,1
7779,1
7780,1
7781,1
7782,1
7783,1
7784,1
7785,1
7786,1
7787,1
7788,1
7789,1
7790,1
7791,1
7792,1
7793,1
7794,1
7795,1
7796,1
7797,1
7798,1
7799,1
7800,1
7801,1
7802,1
7803,1
7804,1
7805,1
7806,1
7807,1
7808,1
7809,1
7810,1
7811,1
7812,1
7813,1
7814,1
7815,1
7816,1
7817,1
7818,1
7819,1
7820,1
7821,1
7822,1
7823,1
7824,1
7825,1
7826,1
7827,1
7828,1
7829,1
7830,1
7831,1
7832,1
7833,1
7834,1
7835,1
7836,1
7837,1
7838,1
7839,1
7840,1
7841,1
7842,1
7843,1
7844,1
7845,1
7846,1
7847,1
7848,1
7849,1
7850,1
7851,1
7852,1
7853,1
7854,1
7855,1
7856,1
7857,1
7858,1
7859,1
7860,1
7861,1
7862,1
7863,1
7864,1
7865,1
7866,1
7867,1
7868,1
7869,1
7870,1
7871,1
7872,1
7873,1
7874,1
7875,1
7876,1
7877,1
7878,1
7879,1
7880,1
7881,1
7882,1
7883,1
7884,1
7885,1
7886,1
7887,1
7888,1
7889,1
7890,1
7891,1
7892,1
7893,1
7894,1
7895,1
7896,0
7897,0
7898,0
7899,0
7900,0
7901,0
7902,0
7903,0
7904,0
7905,0
7906,0
7907,0
7908,0
7909,0
7910,0
7911,0
7912,0
7913,0
7914,0
7915,0
7916,0
7917,0
7918,0
7919,0
7920,0
7921,0
7922,0
7923,0
7924,0
7925,0
7926,0
7927,0
7928,0
7929,0
7930,0
7931,0
7932,0
7933,0
7934,0
7935,0
7936,0
7937,0
7938,0
7939,0
7940,0
7941,0
7942,0
7943,0
7944,1
7945,1
7946,1
7947,1
7948,1
7949,1
7950,1
7951,1
7952,1
7953,1
7954,1
7955,1
7956,1
7957,1
7958,1
7959,1
7960,1
7961,1
7962,1
7963,1
7964,1
7965,1
7966,1
7967,1
7968,1
7969,1
7970,1
7971,1
7972,1
7973,1
7974,1
7975,1
7976,1
7977,1
7978,1
7979,1
7980,1
7981,1
7982,1
7983,1
7984,1
7985,1
7986,1
7987,1
7988,1
7989,1
7990,1
7991,1
7992,1
7993,1
7994,1
7995,1
7996,1
7997,1
7998,1
7999,1
8000,1
8001,1
8002,1
8003,1
8004,1
8005,1
8006,1
8007,1
8008,1
8009,1
8010,1
8011,1
8012,1
8013,1
8014,1
8015,1
8016,1
8017,1
8018,1
8019,1
8020,1
8021,1
8022,1
8023,1
8024,1
8025,1
8026,1
8027,1
8028,1
8029,1
8030,1
8031,1
8032,1
8033,1
8034,1
8035,1
8036,1
8037,1
8038,1
8039,1
8040,1
8041,1
8042,1
8043,1
8044,1
8045,1
8046,1
8047,1
8048,1
8049,1
8050,1
8051,1
8052,1
8053,1
8054,1
8055,1
8056,1
8057,1
8058,1
8059,1
8060,1
8061,1
8062,1
8063,1
8064,0
8065,0
8066,0
8067,0
8068,0
8069,0
8070,0
8071,0
8072,0
8073,0
8074,0
8075,0
8076,0
8077,0
8078,0
8079,0
8080,0
8081,0
8082,0
8083,0
8084,0
8085,0
8086,0
8087,0
8088,0
8089,0
8090,0
8091,0
8092,0
8093,0
8094,0
8095,0
8096,0
8097,0
8098,0
8099,0
8100,0
8101,0
8102,0
8103,0
8104,0
8105,0
8106,0
8107,0
8108,0
8109,0
8110,0
8111,0
8112,1
8113,1
8114,1
8115,1
8116,1
8117,1
8118,1
8119,1
8120,1
8121,1
8122,1
8123,1
8124,1
8125,1
8126,1
8127,1
8128,1
8129,1
8130,1
8131,1
8132,1
8133,1
8134,1
8135,1
8136,1
8137,1
8138,1
8139,1
8140,1
8141,1
8142,1
8143,1
8144,1
8145,1
8146,1
8147,1
8148,1
8149,1
8150,1
8151,1
8152,1
8153,1
8154,1
8155,1
8156,1
8157,1
8158,1
8159,1
8160,1
8161,1
8162,1
8163,1
8164,1
8165,1
8166,1
8167,1
8168,1
8169,1
8170,1
8171,1
8172,1
8173,1
8174,1
8175,1
8176,1
8177,1
8178,1
8179,1
8180,1
8181,1
8182,1
8183,1
8184,1
8185,1
8186,1
8187,1
8188,1
8189,1
8190,1
8191,1
8192,1
8193,1
8194,1
8195,1
8196,1
8197,1
8198,1
8199,1
8200,1
8201,1
8202,1
8203,1
8204,1
8205,1
8206,1
8207,1
8208,1
8209,1
8210,1
8211,1
8212,1
8213,1
8214,1
8215,1
8216,1
8217,1
8218,1
8219,1
8220,1
8221,1
8222,1
8223,1
8224,1
8225,1
8226,1
8227,1
8228,1
8229,1
8230,1
8231,1
8232,0
8233,0
8234,0
8235,0
8236,0
8237,0
8238,0
8239,0
8240,0
8241,0
8242,0
8243,0
8244,0
8245,0
8246,0
8247,0
8248,0
8249,0
8250,0
8251,0
8252,0
8253,0
8254,0
8255,0
8256,0
8257,0
8258,0
8259,0
8260,0
8261,0
8262,0
8263,0
8264,0
8265,0
8266,0
8267,0
8268,0
8269,0
8270,0
8271,0
8272,0
8273,0
8274,0
8275,0
8276,0
8277,0
8278,0
8279,0
8280,1
8281,1
8282,1
8283,1
8284,1
8285,1
8286,1
8287,1
8288,1
8289,1
8290,1
8291,1
8292,1
8293,1
8294,1
8295,1
8296,1
8297,1
8298,1
8299,1
8300,1
8301,1
8302,1
8303,1
8304,1
8305,1
8306,1
8307,1
8308,1
8309,1
8310,1
8311,1
8312,1
8313,1
8314,1
8315,1
8316,1
8317,1
8318,1
8319,1
8320,1
8321,1
8322,1
8323,1
8324,1
8325,1
8326,1
8327,1
8328,1
8329,1
8330,1
8331,1
8332,1
8333,1
8334,1
8335,1
8336,1
8337,1
8338,1
8339,1
8340,1
8341,1
8342,1
8343,1
8344,1
8345,1
8346,1
8347,1
8348,1
8349,1
8350,1
8351,1
8352,1
8353,1
8354,1
8355,1
8356,1
8357,1
8358,1
8359,1
8360,1
8361,1
8362,1
8363,1
8364,1
8365,1
8366,1
8367,1
8368,1
8369,1
8370,1
8371,1
8372,1
8373,1
8374,1
8375,1
8376,1
8377,1
8378,1
8379,1
8380,1
8381,1
8382,1
8383,1
8384,1
8385,1
8386,1
8387,1
8388,1
8389,1
8390,1
8391,1
8392,1
8393,1
8394,1
8395,1
8396,1
8397,1
8398,1
8399,1
8400,0
8401,0
8402,0
8403,0
8404,0
8405,0
8406,0
8407,0
8408,0
8409,0
8410,0
8411,0
8412,0
8413,0
8414,0
8415,0
8416,0
8417,0
8418,0
8419,0
8420,0
8421,0
8422,0
8423,0
8424,0
8425,0
8426,0
8427,0
8428,0
8429,0
8430,0
8431,0
8432,0
8433,0
8434,0
8435,0
8436,0
8437,0
8438,0
8439,0
8440,0
8441,0
8442,0
8443,0
8444,0
8445,0
8446,0
8447,0
8448,1
8449,1
8450,1
8451,1
8452,1
8453,1
8454,1
8455,1
8456,1
8457,1
8458,1
8459,1
8460,1
8461,1
8462,1
8463,1
8464,1
8465,1
8466,1
8467,1
8468,1
8469,1
8470,1
8471,1
8472,1
8473,1
8474,1
8475,1
8476,1
8477,1
8478,1
8479,1
8480,1
8481,1
8482,1
8483,1
8484,1
8485,1
8486,1
8487,1
8488,1
8489,1
8490,1
8491,1
8492,1
8493,1
8494,1
8495,1
8496,1
8497,1
8498,1
8499,1
8500,1
8501,1
8502,1
8503,1
8504,1
8505,1
8506,1
8507,1
8508,1
8509,1
8510,1
8511,1
8512,1
8513,1
8514,1
8515,1
8516,1
8517,1
8518,1
8519,1
8520,1
8521,1
8522,1
8523,1
8524,1
8525,1
8526,1
8527,1
8528,1
8529,1
8530,1
8531,1
8532,1
8533,1
8534,1
8535,1
8536,1
8537,1
8538,1
8539,1
8540,1
8541,1
8542,1
8543,1
8544,1
8545,1
8546,1
8547,1
8548,1
8549,1
8550,1
8551,1
8552,1
8553,1
8554,1
8555,1
8556,1
8557,1
8558,1
8559,1
8560,1
8561,1
8562,1
8563,1
8564,1
8565,1
8566,1
8567,1
8568,0
8569,0
8570,0
8571,0
8572,0
8573,0
8574,0
8575,0
8576,0
8577,0
8578,0
8579,0
8580,0
8581,0
8582,0
8583,0
8584,0
8585,0
8586,0
8587,0
8588,0
8589,0
8590,0
8591,0
8592,0
8593,0
8594,0
8595,0
8596,0
8597,0
8598,0
8599,0
8600,0
8601,0
8602,0
8603,0
8604,0
8605,0
8606,0
8607,0
8608,0
8609,0
8610,0
8611,0
8612,0
8613,0
8614,0
8615,0
8616,1
8617,1
8618,1
8619,1
8620,1
8621,1
8622,1
8623,1
8624,1
8625,1
8626,1
8627,1
8628,1
8629,1
8630,1
8631,1
8632,1
8633,1
8634,1
8635,1
8636,1
8637,1
8638,1
8639,1
8640,1
8641,1
8642,1
8643,1
8644,1
8645,1
8646,1
8647,1
8648,1
8649,1
8650,1
8651,1
8652,1
8653,1
8654,1
8655,1
8656,1
8657,1
8658,1
8659,1
8660,1
8661,1
8662,1
8663,1
8664,1
8665,1
8666,1
8667,1
8668,1
8669,1
8670,1
8671,1
8672,1
8673,1
8674,1
8675,1
8676,1
8677,1
8678,1
8679,1
8680,1
8681,1
8682,1
8683,1
8684,1
8685,1
8686,1
8687,1
8688,1
8689,1
8690,1
8691,1
8692,1
8693,1
8694,1
8695,1
8696,1
8697,1
8698,1
8699,1
8700,1
8701,1
8702,1
8703,1
8704,1
8705,1
8706,1
8707,1
8708,1
8709,1
8710,1
8711,1
8712,1
8713,1
8714,1
8715,1
8716,1
8717,1
8718,1
8719,1
8720,1
8721,1
8722,1
8723,1
8724,1
8725,1
8726,1
8727,1
8728,1
8729,1
8730,1
8731,1
8732,1
8733,1
8734,1
8735,1
8736,0
8737,0
8738,0
8739,0
8740,0
8741,0
8742,0
8743,0
8744,0
8745,0
8746,0
8747,0
8748,0
8749,0
8750,0
8751,0
8752,0
8753,0
8754,0
8755,0
8756,0
8757,0
8758,0
8759,0
