-0.000000000000000000e+00
-0.000000000000000000e+00
-0.000000000000000000e+00
-0.000000000000000000e+00
-0.000000000000000000e+00
-0.000000000000000000e+00
-0.000000000000000000e+00
4.325674354999999860e-01
1.890714325699999776e+01
4.480021896759999578e+01
6.136369591730000650e+01
7.679565107789998990e+01
9.681398031339999477e+01
1.821989505273999725e+02
3.259464723065000271e+02
4.848115169757998615e+02
4.222332560703001718e+02
4.955786294470000541e+01
-0.000000000000000000e+00
-0.000000000000000000e+00
-0.000000000000000000e+00
-0.000000000000000000e+00
-0.000000000000000000e+00
-0.000000000000000000e+00
-0.000000000000000000e+00
-0.000000000000000000e+00
-0.000000000000000000e+00
-0.000000000000000000e+00
-0.000000000000000000e+00
8.513181269100002169e+00
3.806147988550001315e+01
6.089543473170002130e+01
5.586750171539998888e+01
5.620767721350000556e+01
4.719269041379999408e+01
5.602679192119999385e+01
5.177805092949999732e+01
2.793911705717999894e+02
4.838159913556999641e+02
6.020729472555999564e+02
6.638638376080001535e+02
5.980383440001999134e+02
3.920233620265000241e+02
9.409768043069993837e+01
8.961850826999998576e-01
-0.000000000000000000e+00
-0.000000000000000000e+00
-0.000000000000000000e+00
-0.000000000000000000e+00
-0.000000000000000000e+00
-0.000000000000000000e+00
-0.000000000000000000e+00
-0.000000000000000000e+00
-0.000000000000000000e+00
-0.000000000000000000e+00
-0.000000000000000000e+00
2.188225671700000596e+00
1.217117489899999860e+01
2.380419014359999963e+01
3.188531311930001522e+01
3.515346619979999332e+01
3.328127630680000237e+01
2.511335856679999878e+01
1.304163443330000405e+01
2.268089704899999948e+00
-0.000000000000000000e+00
-0.000000000000000000e+00
-0.000000000000000000e+00
-0.000000000000000000e+00
-0.000000000000000000e+00
-0.000000000000000000e+00
-0.000000000000000000e+00
-0.000000000000000000e+00
-0.000000000000000000e+00
-0.000000000000000000e+00
-0.000000000000000000e+00
-0.000000000000000000e+00
1.114442095890000139e+01
3.707687851739999019e+01
4.858072947079997306e+01
5.217711217129998857e+01
5.164565810239999166e+01
5.530032931249997574e+01
5.546985969460000376e+01
5.529925875340001085e+01
2.540074550285999635e+02
4.468541520979000552e+02
5.963222149444000024e+02
6.680402423353000358e+02
6.043103293609999582e+02
3.944385072117001982e+02
1.001051435594999930e+02
1.377273080499999969e+00
-0.000000000000000000e+00
-0.000000000000000000e+00
-0.000000000000000000e+00
-0.000000000000000000e+00
-0.000000000000000000e+00
-0.000000000000000000e+00
-0.000000000000000000e+00
-0.000000000000000000e+00
-0.000000000000000000e+00
-0.000000000000000000e+00
1.156956783339999717e+01
4.252525279950001647e+01
6.191589815300000055e+01
7.456169091640001056e+01
8.675199774669998476e+01
1.241182617057000073e+02
2.696825197984999249e+02
3.899957550679998235e+02
4.523015598722000732e+02
3.905726100963000818e+02
4.807714233560002270e+01
-0.000000000000000000e+00
-0.000000000000000000e+00
-0.000000000000000000e+00
-0.000000000000000000e+00
-0.000000000000000000e+00
-0.000000000000000000e+00
-0.000000000000000000e+00
-0.000000000000000000e+00
-0.000000000000000000e+00
-0.000000000000000000e+00
-0.000000000000000000e+00
6.888270640999999195e+00
3.054014270229999894e+01
5.786565442769998668e+01
8.309743087150002339e+01
8.068473184100000140e+01
1.282813189515999852e+02
1.477361393227000121e+02
1.625765122183000813e+02
1.749900701343000549e+02
2.206788995985000668e+02
1.708294631319000416e+02
2.966904984486999979e+02
3.092584782721000920e+02
1.948706584034001708e+02
1.580241330489999996e+01
4.395674504999999566e-01
-0.000000000000000000e+00
-0.000000000000000000e+00
-0.000000000000000000e+00
-0.000000000000000000e+00
-0.000000000000000000e+00
-0.000000000000000000e+00
-0.000000000000000000e+00
-0.000000000000000000e+00
6.820541379799998971e+00
2.444880150089999660e+01
5.483002660600000411e+01
7.175089580789997967e+01
6.202392794279999322e+01
6.606337913549999996e+01
5.599944985750001791e+01
4.124706568969997988e+01
2.350404692815999965e+02
4.299796173039000564e+02
5.953263699452000992e+02
6.677521926295000867e+02
6.052490421041999298e+02
3.641134435595998298e+02
8.185292470849998381e+01
1.377363974699999938e+00
-0.000000000000000000e+00
-0.000000000000000000e+00
-0.000000000000000000e+00
-0.000000000000000000e+00
-0.000000000000000000e+00
-0.000000000000000000e+00
-0.000000000000000000e+00
-0.000000000000000000e+00
-0.000000000000000000e+00
-0.000000000000000000e+00
-0.000000000000000000e+00
3.006920789200000055e+00
1.764766337609999525e+01
3.341055700400000461e+01
3.989598051540001222e+01
3.582991787380000659e+01
1.047296206035000381e+02
1.924140483014000438e+02
2.370260293431000491e+02
1.248338729220000154e+01
-0.000000000000000000e+00
-0.000000000000000000e+00
-0.000000000000000000e+00
-0.000000000000000000e+00
-0.000000000000000000e+00
-0.000000000000000000e+00
-0.000000000000000000e+00
-0.000000000000000000e+00
-0.000000000000000000e+00
-0.000000000000000000e+00
-0.000000000000000000e+00
-0.000000000000000000e+00
-0.000000000000000000e+00
-0.000000000000000000e+00
-0.000000000000000000e+00
1.744589787200000242e+00
1.002153754860000134e+01
2.207364560209999738e+01
3.091490558480000317e+01
3.540699212149999653e+01
3.440798083659999662e+01
2.723483511660000289e+01
1.527020159110000819e+01
3.132883755900000455e+00
-0.000000000000000000e+00
-0.000000000000000000e+00
-0.000000000000000000e+00
-0.000000000000000000e+00
-0.000000000000000000e+00
-0.000000000000000000e+00
-0.000000000000000000e+00
-0.000000000000000000e+00
-0.000000000000000000e+00
-0.000000000000000000e+00
-0.000000000000000000e+00
-0.000000000000000000e+00
-0.000000000000000000e+00
1.209522004150000107e+01
4.188306724849999796e+01
5.184667808919999743e+01
5.708553043159998452e+01
8.489945339610000019e+01
1.124313084097999962e+02
1.249156628056000358e+02
1.376009488427999941e+02
1.383194873321000387e+02
1.249411283756000444e+02
9.691190910039993867e+01
5.126622692429999262e+01
1.216143004749999967e+01
4.357918403000000662e-01
-0.000000000000000000e+00
-0.000000000000000000e+00
-0.000000000000000000e+00
-0.000000000000000000e+00
-0.000000000000000000e+00
6.680402423353000358e+02
