26.87096887
28.13777688
31.06260213
33.98742738
36.91225263
39.83707788
42.76190313
47.25184075
45.66274745
44.07365415
42.48456084
40.89546754
39.30637424
37.71728094
36.12818763
34.53909433
31.6120053
30.50776728
29.40352926
27.4244743
26.78150347
26.9246288
29.76766733
32.61070586
44.93905044
43.2262226
41.51339476
39.80056692
38.08773908
36.37491125
34.66208341
32.97323419
33.11712137
28.577001010000004
27.72398494
26.87096887
28.13777688
31.06260213
33.98742738
36.91225263
39.83707788
42.76190313
47.25184075
45.66274745
44.07365415
42.48456084
40.89546754
39.30637424
32.97323419
33.11712137
28.577001010000004
27.72398494
26.87096887
28.13777688
31.06260213
33.98742738
36.91225263
39.83707788
42.76190313
47.25184075
45.66274745
44.07365415
42.48456084
40.89546754
39.30637424
37.71728094
36.12818763
34.53909433
31.6120053
30.50776728
29.40352926
27.4244743
42.48456084
40.89546754
39.30637424
37.71728094
36.12818763
34.53909433
31.6120053
30.50776728
29.40352926
27.4244743
26.78150347
26.9246288
29.76766733
32.61070586
35.45374439
38.29678292
41.13982145
43.98285998
46.99639755
45.16885806
43.34131857
41.51377907
39.68623958
37.85870009
45.6423814
46.0549891
46.46759681
46.88020452
46.21709947
44.53807599
42.85905251
41.18002904
39.50100556
37.82198208
35.58231947
36.19342704
36.80453461
37.41564218
38.02674975
38.63785732
38.82267419
39.96127349
41.09987279
42.23847209
43.37707139
44.5156707
45.65427
46.7928693
27.72398494
26.87096887
28.13777688
31.06260213
33.98742738
36.91225263
39.83707788
42.76190313
47.25184075
45.66274745
44.07365415
42.48456084
40.89546754
39.30637424
37.71728094
36.12818763
34.53909433
31.6120053
30.50776728
29.40352926
27.4244743
26.78150347
26.9246288
29.76766733
44.5156707
45.65427
46.7928693
47.37104221
45.7221971
44.073352
42.42450689
40.77566179
37.83428797
37.36426328
36.89423858
36.27294617
36.97306431
37.67318245
38.37330059
40.04838651
41.02938871
42.01039092
42.99139312
43.97239533
44.95339754
45.93439974
46.87957376
45.37228076
38.08773908
36.37491125
34.66208341
32.97323419
33.11712137
28.577001010000004
27.72398494
26.87096887
28.13777688
31.06260213
33.98742738
36.91225263
39.83707788
42.76190313
47.25184075
45.66274745
44.07365415
42.48456084
40.89546754
39.30637424
37.71728094
36.12818763
34.53909433
31.6120053
26.87096887
28.13777688
31.06260213
33.98742738
36.91225263
39.83707788
42.76190313
47.25184075
45.66274745
44.07365415
42.48456084
40.89546754
39.30637424
37.71728094
36.12818763
34.53909433
31.6120053
30.50776728
29.40352926
27.4244743
26.78150347
26.9246288
29.76766733
32.61070586
44.073352
42.42450689
40.77566179
37.83428797
37.36426328
36.89423858
36.27294617
36.97306431
37.67318245
38.37330059
40.04838651
41.02938871
42.01039092
42.99139312
43.97239533
44.95339754
45.93439974
46.87957376
45.37228076
43.86498775
42.35769475
40.85040174
38.26937172
37.73157036
34.53909433
34.66208341
