40.74203439
45.6423814
46.0549891
46.46759681
46.88020452
46.21709947
44.53807599
42.85905251
41.18002904
39.50100556
37.82198208
35.58231947
36.19342704
36.80453461
37.41564218
38.02674975
38.63785732
38.82267419
39.96127349
41.09987279
42.23847209
43.37707139
44.5156707
45.65427
37.82198208
35.58231947
36.19342704
36.80453461
37.41564218
38.02674975
38.63785732
38.82267419
39.96127349
41.09987279
42.23847209
43.37707139
44.5156707
45.65427
46.7928693
47.37104221
45.7221971
44.073352
42.42450689
40.77566179
37.83428797
37.36426328
36.89423858
36.27294617
36.37491125
34.66208341
32.97323419
33.11712137
28.577001010000004
27.72398494
26.87096887
28.137776879999997
31.06260213
33.98742738
36.91225263
39.83707788
42.76190313
47.25184075
45.66274745
44.07365415
42.48456084
40.89546754
39.30637424
37.71728094
36.12818763
34.53909433
31.6120053
30.507767279999996
38.63785732
38.82267419
39.96127349
41.09987279
42.23847209
43.37707139
44.5156707
45.65427
46.7928693
47.37104221
45.7221971
44.073352
42.42450689
40.77566179
37.83428797
37.36426328
36.89423858
36.27294617
36.97306431
37.67318245
38.37330059
40.04838651
41.02938871
42.01039092
39.83707788
42.76190313
47.25184075
45.66274745
44.07365415
42.48456084
40.89546754
39.30637424
37.71728094
36.12818763
34.53909433
31.6120053
30.507767279999996
29.40352926
27.4244743
26.78150347
26.9246288
29.76766733
32.61070586
35.45374439
38.29678292
41.13982145
43.98285998
46.99639755
40.89546754
39.30637424
37.71728094
36.12818763
34.53909433
31.6120053
30.507767279999996
29.40352926
27.4244743
26.78150347
26.9246288
29.76766733
32.61070586
35.45374439
38.29678292
41.13982145
43.98285998
46.99639755
45.16885806
43.34131857
41.51377907
39.68623958
37.85870009
36.0311606
30.507767279999996
29.40352926
27.4244743
26.78150347
26.9246288
29.76766733
32.61070586
35.45374439
38.29678292
41.13982145
43.98285998
46.99639755
45.16885806
43.34131857
41.51377907
39.68623958
37.85870009
36.0311606
34.19611044
34.19414299
32.56979374
30.7049654
34.05065507
37.39634473
41.17853243
39.31257735
37.44662227
35.5806672
34.88175752
34.29066549
33.69957347
33.10848144
31.37002138
30.17719204
28.9843627
27.00728825
26.500568670000003
25.993849089999998
31.147811819999998
47.45120571
47.70357939
47.95595306
46.65187828
44.93905044
43.2262226
41.51339476
39.80056692
38.08773908
36.0311606
34.19611044
34.19414299
32.56979374
30.7049654
34.05065507
37.39634473
40.74203439
45.6423814
46.0549891
46.46759681
46.88020452
46.21709947
44.53807599
42.85905251
41.18002904
39.50100556
37.82198208
35.58231947
36.19342704
36.80453461
37.41564218
38.02674975
38.63785732
28.577001010000004
27.72398494
26.87096887
28.137776879999997
31.06260213
33.98742738
36.91225263
39.83707788
42.76190313
47.25184075
45.66274745
44.07365415
42.48456084
40.89546754
39.30637424
37.71728094
36.12818763
34.53909433
31.6120053
30.507767279999996
29.40352926
27.4244743
26.78150347
26.9246288
47.95595306
29.40352926
