0.0
0.0
0.0
0.0
0.0
0.0
0.0
0.0
75.0
131.0
248.0
375.0
395.0
356.0
253.0
122.0
0.0
0.0
0.0
0.0
0.0
0.0
0.0
0.0
0.0
0.0
0.0
0.0
0.0
0.0
0.0
0.0
55.0
53.0
106.0
113.0
66.0
32.0
71.0
34.0
0.0
0.0
0.0
0.0
0.0
0.0
0.0
0.0
0.0
0.0
0.0
0.0
0.0
0.0
0.0
17.0
173.0
317.0
429.0
495.0
496.0
428.0
356.0
214.0
56.0
0.0
0.0
0.0
0.0
0.0
0.0
0.0
0.0
0.0
0.0
0.0
0.0
0.0
106.0
305.0
425.0
531.0
549.0
548.0
702.0
644.0
549.0
464.0
298.0
123.0
0.0
0.0
0.0
0.0
0.0
0.0
0.0
0.0
0.0
0.0
0.0
0.0
0.0
26.0
119.0
171.0
195.0
372.0
405.0
341.0
224.0
85.0
0.0
0.0
0.0
0.0
0.0
0.0
0.0
0.0
0.0
0.0
0.0
0.0
0.0
54.0
195.0
406.0
578.0
694.0
712.0
784.0
647.0
295.0
179.0
90.0
64.0
36.0
6.0
0.0
0.0
0.0
0.0
0.0
0.0
0.0
0.0
0.0
0.0
141.0
321.0
502.0
664.0
804.0
899.0
938.0
934.0
875.0
735.0
516.0
414.0
253.0
82.0
0.0
0.0
0.0
0.0
0.0
0.0
0.0
0.0
0.0
0.0
0.0
106.0
173.0
206.0
313.0
456.0
481.0
439.0
172.0
198.0
189.0
33.0
35.0
0.0
0.0
0.0
0.0
0.0
0.0
0.0
0.0
0.0
0.0
11.0
131.0
295.0
468.0
457.0
785.0
492.0
380.0
417.0
353.0
334.0
595.0
430.0
167.0
30.0
0.0
0.0
0.0
0.0
0.0
0.0
0.0
0.0
0.0
18.0
170.0
342.0
512.0
675.0
805.0
886.0
943.0
910.0
880.0
674.0
592.0
291.0
177.0
140.0
0.0
0.0
0.0
0.0
0.0
0.0
985.6000000000001
