0.0
0.0
0.0
0.0
0.0
5.0
100.0
305.0
605.0
736.0
839.0
557.0
275.0
517.0
554.0
215.0
172.0
65.0
14.0
2.0
0.0
0.0
0.0
0.0
0.0
0.0
0.0
0.0
0.0
0.0
0.0
0.0
4.0
20.0
32.0
43.0
42.0
38.0
29.0
15.0
2.0
0.0
0.0
0.0
0.0
0.0
0.0
0.0
0.0
0.0
0.0
0.0
0.0
0.0
0.0
1.0
99.0
230.0
339.0
406.0
427.0
390.0
307.0
186.0
26.0
0.0
0.0
0.0
0.0
0.0
0.0
0.0
0.0
0.0
0.0
0.0
0.0
0.0
0.0
9.0
141.0
271.0
385.0
451.0
455.0
423.0
349.0
221.0
87.0
0.0
0.0
0.0
0.0
0.0
0.0
0.0
0.0
0.0
0.0
0.0
0.0
0.0
0.0
2.0
12.0
26.0
38.0
125.0
192.0
382.0
262.0
312.0
165.0
87.0
1.0
0.0
0.0
0.0
0.0
0.0
0.0
0.0
0.0
0.0
0.0
51.0
162.0
286.0
410.0
511.0
600.0
636.0
662.0
647.0
591.0
515.0
416.0
288.0
166.0
55.0
0.0
0.0
0.0
0.0
0.0
0.0
0.0
0.0
0.0
11.0
158.0
328.0
451.0
557.0
674.0
742.0
791.0
763.0
665.0
512.0
403.0
251.0
119.0
6.0
0.0
0.0
0.0
0.0
0.0
0.0
0.0
0.0
0.0
15.0
40.0
96.0
132.0
303.0
200.0
191.0
277.0
272.0
302.0
301.0
268.0
145.0
144.0
56.0
1.0
0.0
0.0
0.0
0.0
0.0
0.0
0.0
0.0
1.0
85.0
232.0
391.0
529.0
643.0
713.0
758.0
767.0
671.0
576.0
427.0
280.0
127.0
4.0
0.0
0.0
0.0
0.0
0.0
0.0
0.0
0.0
0.0
80.0
235.0
418.0
598.0
760.0
882.0
958.0
986.0
963.0
889.0
769.0
613.0
433.0
250.0
91.0
1.0
0.0
0.0
0.0
0.0
859.1
