13.0
12.5
12.2
11.9
11.7
11.8
12.7
14.4
16.7
18.6
20.2
20.6
19.8
20.1
20.5
19.7
18.9
18.0
17.0
16.2
15.4
14.6
13.8
13.0
1.1
2.2
2.7
3.0
3.3
3.6
3.8
4.0
4.4
5.1
5.8
6.3
6.5
7.0
7.0
6.9
6.5
6.5
6.4
6.4
6.4
6.3
6.3
6.1
5.7
4.9
4.0
3.6
3.2
2.9
2.5
2.6
4.6
7.1
9.5
11.5
13.0
13.8
13.9
13.1
11.3
10.7
10.0
9.4
8.7
8.0
7.4
6.7
6.3
5.7
5.1
4.9
4.6
4.4
4.2
4.5
6.5
8.4
10.3
11.8
12.8
13.4
13.6
13.1
12.0
10.7
9.8
8.8
7.9
7.0
6.1
5.1
3.8
3.9
3.9
4.0
4.1
4.1
4.2
4.2
4.2
4.9
5.2
6.2
7.3
9.2
10.1
11.0
11.1
10.8
10.0
9.6
9.2
8.9
8.5
8.1
11.1
10.3
9.8
9.5
9.5
10.0
11.1
12.4
13.7
15.1
16.3
17.3
18.2
18.8
19.2
19.3
19.2
18.7
18.0
17.0
16.0
14.8
13.6
12.4
11.3
10.6
10.3
9.9
9.7
9.8
11.5
13.3
14.9
16.3
17.7
18.9
19.9
20.6
20.9
20.8
20.4
19.5
18.4
17.2
16.3
15.4
14.4
13.5
19.8
19.4
18.7
19.1
19.1
19.2
19.6
20.0
20.2
21.4
22.1
22.3
22.8
23.2
23.3
22.9
23.8
22.5
21.8
23.1
22.2
21.4
20.0
18.6
22.4
21.7
21.4
21.1
20.9
20.9
21.9
23.3
24.9
26.5
28.0
29.3
30.4
31.3
31.8
32.0
31.8
31.2
30.3
29.2
27.9
26.6
25.3
23.9
13.3
11.9
11.2
10.7
10.5
11.4
12.9
14.7
16.7
18.6
20.4
21.9
23.2
24.1
24.7
24.9
24.7
24.0
22.9
21.4
20.0
18.4
16.9
15.4
-8.14
36.190000000000005
