-0.16
0.35
0.85
0.69
0.52
0.35
1.1
1.84
2.59
4.02
5.44
6.87
6.82
6.77
6.72
5.14
3.56
1.98
0.96
-0.06
-1.08
-1.41
-1.75
-2.08
3.13
3.26
3.4
3.47
3.53
3.6
3.81
4.02
4.23
4.3
4.36
4.43
4.98
5.53
6.08
6.13
6.19
6.24
6.06
5.89
5.71
5.28
4.86
4.43
1.99
2.36
2.74
2.58
2.42
2.26
3.16
4.06
4.96
6.54
8.12
9.7
9.85
10.0
10.15
8.71
7.27
5.83
4.8
3.76
2.72
2.31
1.91
1.5
10.58
10.06
9.54
9.52
9.5
9.48
10.39
11.3
12.21
13.24
14.26
15.28
15.39
15.5
15.61
14.89
14.17
13.45
12.31
11.18
10.04
9.89
9.74
9.58
3.96
4.42
4.87
4.63
4.4
4.16
5.43
6.71
7.99
9.55
11.11
12.67
12.47
12.26
12.06
10.63
9.2
7.77
7.55
7.33
7.11
6.95
6.8
6.64
18.35
17.88
17.42
17.53
17.64
17.75
17.97
18.19
18.41
19.2
19.99
20.78
21.48
22.18
22.88
22.66
22.44
22.22
21.53
20.84
20.15
19.7
19.25
18.79
13.79
13.21
12.62
13.48
14.34
15.2
17.11
19.02
20.93
21.41
21.88
22.35
22.82
23.29
23.76
23.29
22.83
22.36
21.37
20.37
19.38
18.87
18.35
17.84
13.36
13.44
13.53
13.87
14.2
14.54
14.63
14.73
14.82
15.63
16.44
17.24
17.14
17.04
16.94
16.8
16.66
16.52
16.52
16.53
16.53
16.63
16.74
16.84
14.78
15.23
15.68
16.13
16.58
17.03
17.49
17.94
18.51
18.84
19.16
19.48
20.02
20.56
21.1
20.69
20.28
19.86
19.59
19.32
19.04
18.3
17.55
16.81
17.67
17.23
16.78
17.4
18.01
18.63
20.09
21.55
23.01
23.81
24.61
25.41
25.96
26.51
27.06
26.66
26.25
25.84
24.83
23.81
22.79
21.91
21.02
20.13
-10.164000000000001
36.839000000000006
