-0.000000000000000000e+00
-0.000000000000000000e+00
-0.000000000000000000e+00
-0.000000000000000000e+00
-0.000000000000000000e+00
-0.000000000000000000e+00
-0.000000000000000000e+00
-0.000000000000000000e+00
1.746955278799999345e+00
1.213740633619999798e+01
2.455439447189998958e+01
3.422927873509999586e+01
3.964062123180000441e+01
3.881349907530000110e+01
3.234549152940000027e+01
2.003894493589999826e+01
5.894951301199998994e+00
-0.000000000000000000e+00
-0.000000000000000000e+00
-0.000000000000000000e+00
-0.000000000000000000e+00
-0.000000000000000000e+00
-0.000000000000000000e+00
-0.000000000000000000e+00
-0.000000000000000000e+00
-0.000000000000000000e+00
-0.000000000000000000e+00
-0.000000000000000000e+00
-0.000000000000000000e+00
-0.000000000000000000e+00
-0.000000000000000000e+00
-0.000000000000000000e+00
2.175136437299999059e+00
1.086866147929999471e+01
2.331374166419999483e+01
3.257538230989999306e+01
3.754119743589998848e+01
3.661763714359999966e+01
2.956643134630001057e+01
1.765534964269999918e+01
4.038251516399999907e+00
-0.000000000000000000e+00
-0.000000000000000000e+00
-0.000000000000000000e+00
-0.000000000000000000e+00
-0.000000000000000000e+00
-0.000000000000000000e+00
-0.000000000000000000e+00
-0.000000000000000000e+00
-0.000000000000000000e+00
-0.000000000000000000e+00
-0.000000000000000000e+00
-0.000000000000000000e+00
-0.000000000000000000e+00
1.293866273200000139e+00
2.350321166319999833e+01
4.378480137910000991e+01
5.615522397560000911e+01
7.860368200910002656e+01
9.237172748339996531e+01
1.280893737334000377e+02
2.500856196548000412e+02
3.680458491801001060e+02
4.269903377133999811e+02
3.930133718033998775e+02
1.013541420779000362e+02
4.347683453000000253e-01
-0.000000000000000000e+00
-0.000000000000000000e+00
-0.000000000000000000e+00
-0.000000000000000000e+00
-0.000000000000000000e+00
-0.000000000000000000e+00
-0.000000000000000000e+00
-0.000000000000000000e+00
-0.000000000000000000e+00
-0.000000000000000000e+00
3.490642702199999725e+00
1.543721424470000692e+01
5.343224262289999871e+01
7.390830486009998879e+01
8.833383831429999589e+01
8.622410426320000454e+01
9.599438038159996722e+01
1.141320582600000222e+02
2.529470385643999748e+02
4.142901366665000182e+02
5.420009224032002066e+02
6.246803539119000561e+02
5.655777044423998632e+02
3.764980888288999950e+02
9.879741331819994343e+01
1.377275190900000057e+00
-0.000000000000000000e+00
-0.000000000000000000e+00
-0.000000000000000000e+00
-0.000000000000000000e+00
-0.000000000000000000e+00
-0.000000000000000000e+00
-0.000000000000000000e+00
-0.000000000000000000e+00
-0.000000000000000000e+00
-0.000000000000000000e+00
4.340544638000001232e-01
1.259655234440000093e+01
3.573449816839999471e+01
4.910248683920000445e+01
5.213625029100001029e+01
4.394435631389999486e+01
4.109706403239999872e+01
3.231925162719999634e+01
1.838264458070000984e+01
5.107751690100002406e+00
-0.000000000000000000e+00
-0.000000000000000000e+00
-0.000000000000000000e+00
-0.000000000000000000e+00
-0.000000000000000000e+00
-0.000000000000000000e+00
-0.000000000000000000e+00
-0.000000000000000000e+00
-0.000000000000000000e+00
-0.000000000000000000e+00
-0.000000000000000000e+00
-0.000000000000000000e+00
-0.000000000000000000e+00
-0.000000000000000000e+00
-0.000000000000000000e+00
2.190267764899999747e+00
1.302566984390000471e+01
2.465635797719999189e+01
3.274503168959999755e+01
3.604820065639999171e+01
3.375494559819999552e+01
2.559442501819999194e+01
1.303200290800000083e+01
2.265609253100000053e+00
-0.000000000000000000e+00
-0.000000000000000000e+00
-0.000000000000000000e+00
-0.000000000000000000e+00
-0.000000000000000000e+00
-0.000000000000000000e+00
-0.000000000000000000e+00
-0.000000000000000000e+00
-0.000000000000000000e+00
-0.000000000000000000e+00
-0.000000000000000000e+00
-0.000000000000000000e+00
7.512636030099999473e+00
3.514294558639998911e+01
5.285860066629999210e+01
5.776958803639999473e+01
6.288626318999997977e+01
8.488365096010001309e+01
1.071556316350000060e+02
1.502723558675999413e+02
2.408330790946000377e+02
2.751337525677999452e+02
1.662290348121000250e+02
1.412416399684999817e+02
8.815560988810003096e+01
3.546355959110001521e+01
5.613338671600001106e+00
-0.000000000000000000e+00
-0.000000000000000000e+00
-0.000000000000000000e+00
-0.000000000000000000e+00
-0.000000000000000000e+00
-0.000000000000000000e+00
-0.000000000000000000e+00
-0.000000000000000000e+00
-0.000000000000000000e+00
-0.000000000000000000e+00
4.217830159800000089e+00
3.104171677710001376e+01
5.677768829439999365e+01
8.657001926280001669e+01
1.052073443108999840e+02
1.222718749646000020e+02
1.320181747051000514e+02
2.238713474660999054e+02
3.788772658795000439e+02
5.430765001990998826e+02
4.770990092159999563e+02
2.256576967117001118e+02
7.336646118899994740e+00
-0.000000000000000000e+00
-0.000000000000000000e+00
-0.000000000000000000e+00
-0.000000000000000000e+00
-0.000000000000000000e+00
-0.000000000000000000e+00
-0.000000000000000000e+00
-0.000000000000000000e+00
-0.000000000000000000e+00
-0.000000000000000000e+00
-0.000000000000000000e+00
-0.000000000000000000e+00
-0.000000000000000000e+00
1.311343746199999938e+00
1.002062733910000247e+01
2.767431859249999704e+01
4.737522745460002227e+01
6.347127254210000302e+01
6.509227952749998281e+01
5.483940728870000925e+01
3.040300872300001345e+01
9.485593242700000260e+00
-0.000000000000000000e+00
-0.000000000000000000e+00
-0.000000000000000000e+00
-0.000000000000000000e+00
-0.000000000000000000e+00
-0.000000000000000000e+00
-0.000000000000000000e+00
-0.000000000000000000e+00
-0.000000000000000000e+00
-0.000000000000000000e+00
-0.000000000000000000e+00
4.373505064999999581e-01
1.302452086800000863e+01
3.815250155460002190e+01
4.999155450199997119e+01
7.741777230870003734e+01
7.651914172999997277e+01
9.534994264010001075e+01
1.141854857841999547e+02
1.373193801481999685e+02
1.785407793107000032e+02
2.161492999831000077e+02
1.707727944808999609e+02
2.975582622764999883e+02
3.135957467599999404e+02
2.064390376751000247e+02
3.327619185379999323e+01
1.377128612799999763e+00
-0.000000000000000000e+00
-0.000000000000000000e+00
-0.000000000000000000e+00
-0.000000000000000000e+00
6.246803539119000561e+02
