7.1
6.7
6.2
5.9
5.7
5.5
5.5
6.4
7.6
9.1
10.5
11.5
12.3
12.9
13.3
13.4
12.9
12.2
11.2
10.5
9.7
9.0
8.2
7.5
1.2
1.2
1.3
1.3
1.3
1.4
1.4
1.4
2.0
2.6
3.3
3.8
4.3
4.9
5.2
5.4
4.7
4.7
4.2
4.1
3.9
3.7
3.5
3.3
7.0
6.7
6.4
6.2
6.1
5.9
6.0
6.2
7.3
8.1
8.8
9.3
10.1
10.5
10.7
10.6
10.6
9.2
9.6
8.7
8.1
7.4
6.7
5.9
-0.3
-0.6
-0.9
-1.0
-1.1
-1.3
-1.4
-1.5
-1.4
0.0
1.6
2.7
3.7
4.3
4.4
4.1
3.1
2.8
2.5
2.2
1.8
1.5
1.2
0.8
6.1
5.1
4.2
3.7
3.2
2.8
2.7
4.2
6.1
8.1
9.9
11.5
12.6
13.4
13.9
13.8
13.3
12.3
10.9
10.2
9.5
8.8
8.1
7.4
13.4
12.1
11.4
10.7
10.2
10.2
11.5
13.3
15.1
17.0
18.8
20.3
21.5
22.3
22.8
23.0
22.7
21.9
20.7
19.1
17.5
15.9
14.4
12.8
13.8
13.8
13.9
13.8
13.8
13.4
14.5
15.4
16.5
17.4
18.3
19.0
19.5
19.7
20.3
19.2
20.4
20.0
19.5
18.9
17.8
16.7
15.6
14.5
17.8
17.6
17.4
17.3
17.3
17.3
18.5
19.6
20.7
21.6
22.7
23.6
24.3
24.9
25.2
25.3
25.3
25.0
24.3
23.6
22.8
22.1
21.5
20.8
13.6
13.1
12.8
12.5
12.3
12.3
14.0
16.3
18.6
20.9
23.2
23.3
23.4
23.4
23.2
22.9
22.3
21.4
20.3
19.1
18.3
17.6
16.9
16.2
14.8
13.9
13.4
13.0
12.9
13.5
14.6
16.2
17.8
19.4
20.9
22.2
23.2
24.0
24.5
24.7
24.6
24.1
23.3
22.1
20.9
19.6
18.3
16.9
-5.0
35.0
