0.0
0.0
0.0
0.0
0.0
0.0
0.0
59.0
152.0
258.0
352.0
376.0
373.0
398.0
354.0
284.0
171.0
90.0
2.0
0.0
0.0
0.0
0.0
0.0
0.0
0.0
0.0
0.0
0.0
0.0
0.0
1.0
28.0
51.0
93.0
98.0
122.0
159.0
145.0
109.0
47.0
13.0
0.0
0.0
0.0
0.0
0.0
0.0
0.0
0.0
0.0
0.0
0.0
0.0
1.0
40.0
92.0
150.0
198.0
236.0
236.0
239.0
213.0
176.0
119.0
62.0
4.0
0.0
0.0
0.0
0.0
0.0
0.0
0.0
0.0
0.0
0.0
0.0
0.0
0.0
2.0
61.0
138.0
165.0
190.0
189.0
153.0
93.0
15.0
0.0
0.0
0.0
0.0
0.0
0.0
0.0
0.0
0.0
0.0
0.0
0.0
0.0
1.0
101.0
250.0
385.0
491.0
572.0
567.0
588.0
530.0
380.0
297.0
169.0
24.0
0.0
0.0
0.0
0.0
0.0
0.0
0.0
0.0
0.0
0.0
4.0
122.0
282.0
451.0
607.0
730.0
815.0
853.0
841.0
773.0
675.0
530.0
358.0
187.0
22.0
0.0
0.0
0.0
0.0
0.0
0.0
0.0
0.0
0.0
1.0
49.0
114.0
190.0
237.0
288.0
308.0
329.0
325.0
297.0
254.0
203.0
132.0
66.0
8.0
0.0
0.0
0.0
0.0
0.0
0.0
0.0
0.0
0.0
29.0
100.0
203.0
278.0
351.0
409.0
453.0
461.0
459.0
391.0
361.0
298.0
202.0
106.0
31.0
1.0
0.0
0.0
0.0
0.0
0.0
0.0
0.0
0.0
3.0
133.0
326.0
517.0
682.0
841.0
481.0
466.0
470.0
414.0
373.0
287.0
192.0
88.0
3.0
0.0
0.0
0.0
0.0
0.0
0.0
0.0
0.0
0.0
46.0
157.0
302.0
434.0
554.0
637.0
706.0
710.0
706.0
656.0
567.0
460.0
334.0
194.0
76.0
1.0
0.0
0.0
0.0
0.0
853.0
