0.0
0.0
0.0
0.0
0.0
0.0
4.0
17.0
32.0
46.0
56.0
62.0
64.0
483.0
424.0
333.0
230.0
106.0
4.0
0.0
0.0
0.0
0.0
0.0
0.0
0.0
0.0
0.0
0.0
0.0
0.0
2.0
36.0
73.0
106.0
128.0
141.0
131.0
105.0
78.0
44.0
5.0
0.0
0.0
0.0
0.0
0.0
0.0
0.0
0.0
0.0
0.0
0.0
0.0
2.0
117.0
286.0
452.0
584.0
670.0
709.0
691.0
610.0
484.0
324.0
150.0
6.0
0.0
0.0
0.0
0.0
0.0
0.0
0.0
0.0
0.0
0.0
0.0
0.0
0.0
4.0
28.0
46.0
63.0
60.0
277.0
199.0
101.0
4.0
0.0
0.0
0.0
0.0
0.0
0.0
0.0
0.0
0.0
0.0
0.0
0.0
0.0
0.0
0.0
2.0
29.0
49.0
43.0
47.0
244.0
187.0
97.0
2.0
0.0
0.0
0.0
0.0
0.0
0.0
0.0
0.0
0.0
0.0
0.0
0.0
10.0
72.0
133.0
195.0
303.0
319.0
403.0
404.0
429.0
412.0
274.0
141.0
76.0
29.0
5.0
0.0
0.0
0.0
0.0
0.0
0.0
0.0
0.0
0.0
0.0
1.0
81.0
191.0
310.0
398.0
433.0
442.0
388.0
324.0
240.0
130.0
10.0
0.0
0.0
0.0
0.0
0.0
0.0
0.0
0.0
0.0
0.0
0.0
4.0
116.0
275.0
441.0
593.0
703.0
768.0
776.0
758.0
680.0
572.0
431.0
275.0
126.0
6.0
0.0
0.0
0.0
0.0
0.0
0.0
0.0
0.0
0.0
1.0
91.0
255.0
432.0
585.0
707.0
785.0
816.0
795.0
720.0
594.0
435.0
254.0
87.0
0.0
0.0
0.0
0.0
0.0
0.0
0.0
0.0
0.0
0.0
75.0
223.0
396.0
564.0
713.0
829.0
903.0
929.0
905.0
841.0
730.0
585.0
417.0
241.0
87.0
1.0
0.0
0.0
0.0
0.0
929.0
