5.4
5.0
4.6
4.4
4.1
3.9
3.7
3.4
3.5
3.6
3.5
3.4
3.0
3.2
3.4
3.0
3.2
3.1
2.7
2.0
0.9
2.1
2.0
1.9
5.9
5.5
5.1
4.8
4.6
4.5
4.3
4.4
4.7
5.0
5.3
5.6
5.8
5.9
5.9
5.8
5.6
5.1
5.0
4.6
4.2
3.5
3.7
3.3
-1.0
-1.1
-1.2
-1.3
-1.3
-1.3
-1.3
-1.3
-0.6
2.3
4.8
7.0
8.6
10.0
10.4
9.7
7.8
7.2
6.7
6.1
5.5
5.0
4.4
3.8
-0.3
-0.6
-0.9
-1.0
-1.1
-1.3
-1.4
-1.5
-1.4
0.0
1.6
2.7
3.7
4.3
4.4
4.1
3.1
2.8
2.5
2.2
1.8
1.5
1.2
0.8
9.7
9.7
9.0
9.5
9.8
9.8
9.9
10.0
10.4
11.0
11.5
11.9
12.2
12.4
12.5
12.4
12.1
11.8
11.6
11.2
11.0
10.8
10.6
10.3
16.4
15.5
14.6
14.1
13.6
13.2
13.7
15.4
17.1
18.8
20.2
21.3
22.4
22.9
23.1
23.1
22.6
21.8
20.8
19.5
18.4
17.3
16.1
15.0
11.0
10.3
9.5
9.2
8.8
8.6
8.7
10.2
13.2
16.4
18.5
19.8
20.4
20.2
19.5
18.4
17.2
15.9
14.8
13.8
12.8
11.9
10.9
9.9
20.2
18.9
17.4
16.6
15.9
15.9
16.1
16.4
17.7
18.7
19.6
20.1
20.7
21.3
21.5
21.5
21.3
20.7
19.3
19.0
18.4
17.0
15.6
14.2
16.9
15.5
14.0
13.5
13.3
14.0
15.3
17.0
18.9
20.7
22.7
22.8
22.9
22.9
22.8
22.4
21.9
21.1
20.2
19.2
18.2
17.2
16.1
15.1
16.5
15.8
15.4
15.1
14.8
14.8
15.5
17.1
18.9
20.9
22.7
24.2
25.5
26.4
26.9
27.1
26.8
25.9
24.7
23.3
22.3
21.3
20.2
19.2
-9.680000000000001
38.17000000000001
