13.0
12.8
12.7
12.6
12.6
12.6
12.8
13.0
13.3
13.6
13.9
14.1
14.3
16.1
17.4
18.1
18.4
18.2
17.6
16.7
15.9
15.0
14.2
13.3
4.4
4.0
3.5
3.3
3.1
2.9
2.7
2.8
3.3
3.8
4.3
4.8
5.1
5.3
5.4
5.3
5.0
4.0
4.1
3.4
3.1
2.7
2.2
1.6
3.4
2.0
0.6
-0.2
-0.9
-1.4
-1.5
0.2
2.6
5.0
7.3
9.3
10.8
11.9
12.4
12.3
11.6
10.1
8.2
7.4
6.6
5.8
5.1
4.3
0.6
0.3
0.0
-0.2
-0.4
-0.5
-0.6
-0.7
-0.6
0.0
0.5
0.9
1.1
3.0
3.8
3.8
3.0
2.6
2.3
1.9
1.5
1.2
0.8
0.4
-6.7
-6.6
-6.6
-6.5
-6.5
-6.4
-6.3
-6.3
-6.1
-5.3
-4.6
-4.3
-4.1
-2.0
-1.0
-0.9
-1.8
-2.0
-2.2
-2.5
-2.7
-2.9
-3.1
-3.4
15.4
14.7
14.4
14.0
13.8
13.9
14.6
15.2
15.8
16.4
17.1
17.8
18.3
18.8
19.1
19.0
18.6
18.1
17.5
16.9
16.4
15.5
14.0
13.7
12.2
11.7
11.1
10.9
10.6
10.4
10.4
12.0
14.0
16.2
18.2
19.7
20.9
21.5
21.7
21.3
20.4
18.9
18.2
17.4
16.7
15.9
15.2
14.4
14.5
13.2
12.4
11.7
11.2
11.2
12.5
14.3
16.2
18.1
19.8
21.2
22.3
23.0
23.4
23.4
23.0
22.1
20.8
19.3
18.3
17.4
16.4
15.4
17.6
16.3
15.6
14.9
14.4
14.3
15.4
17.1
19.1
21.0
22.8
24.3
25.6
26.4
26.9
27.0
26.6
25.6
24.2
22.7
21.4
20.0
18.6
17.2
20.8
18.0
16.5
15.5
15.2
16.0
17.4
19.2
21.0
22.9
24.5
26.0
27.1
27.9
28.4
28.5
28.3
27.5
26.3
24.7
23.1
20.6
18.0
15.4
-5.0
35.0
