-0.000000000000000000e+00
-0.000000000000000000e+00
-0.000000000000000000e+00
-0.000000000000000000e+00
-0.000000000000000000e+00
-0.000000000000000000e+00
4.313405563000000434e-04
1.638523685859999413e-02
4.377808234819999256e-02
5.491911304219999901e-02
7.442017850619998820e-02
1.019802989643000396e-01
1.146014873338000034e-01
1.491716839658999705e-01
2.210241681423000260e-01
2.539556550934000123e-01
2.981498254455999253e-01
1.949306375920001333e-01
5.827435794799996384e-03
-0.000000000000000000e+00
-0.000000000000000000e+00
-0.000000000000000000e+00
-0.000000000000000000e+00
-0.000000000000000000e+00
-0.000000000000000000e+00
-0.000000000000000000e+00
-0.000000000000000000e+00
-0.000000000000000000e+00
-0.000000000000000000e+00
-0.000000000000000000e+00
-0.000000000000000000e+00
4.322773005999998698e-04
9.462232083199998214e-03
2.571749473959999630e-02
4.030311996309999395e-02
5.127293896610001650e-02
5.757334266350000451e-02
5.847262947660000071e-02
5.266989463780000214e-02
4.040823839970000136e-02
3.061688255389998989e-02
7.681809771400005885e-03
-0.000000000000000000e+00
-0.000000000000000000e+00
-0.000000000000000000e+00
-0.000000000000000000e+00
-0.000000000000000000e+00
-0.000000000000000000e+00
-0.000000000000000000e+00
-0.000000000000000000e+00
-0.000000000000000000e+00
-0.000000000000000000e+00
-0.000000000000000000e+00
-0.000000000000000000e+00
4.312677462000001085e-04
8.209108920200004419e-03
2.568935540049999480e-02
4.383569437739998076e-02
7.316361720420000436e-02
1.012111495281000084e-01
1.277252482620999940e-01
1.392716417951000429e-01
1.414389055582999377e-01
1.240485648753999470e-01
3.301021623471001032e-01
2.281322162734000236e-01
9.164572921000002995e-03
-0.000000000000000000e+00
-0.000000000000000000e+00
-0.000000000000000000e+00
-0.000000000000000000e+00
-0.000000000000000000e+00
-0.000000000000000000e+00
-0.000000000000000000e+00
-0.000000000000000000e+00
-0.000000000000000000e+00
-0.000000000000000000e+00
1.114442095890000144e-02
3.707687851739999152e-02
4.858072947079997150e-02
5.217711217129998580e-02
5.164565810239998833e-02
5.530032931249997258e-02
5.546985969460000582e-02
5.529925875340001296e-02
2.540074550285999488e-01
4.468541520979000814e-01
5.963222149443999642e-01
6.680402423353000163e-01
6.043103293609999316e-01
3.944385072117002067e-01
1.001051435594999955e-01
1.377273080499999934e-03
-0.000000000000000000e+00
-0.000000000000000000e+00
-0.000000000000000000e+00
-0.000000000000000000e+00
-0.000000000000000000e+00
-0.000000000000000000e+00
-0.000000000000000000e+00
-0.000000000000000000e+00
-0.000000000000000000e+00
8.649075119000001902e-04
1.527638913819999618e-02
4.813189726900000964e-02
6.792744248480001024e-02
8.248025812859996475e-02
1.211626633984999452e-01
1.263017931617999579e-01
1.185622927196000043e-01
9.273400413340000814e-02
5.693374218629999872e-02
3.713596804860000433e-02
1.583406061590000510e-02
1.764784497099999979e-03
-0.000000000000000000e+00
-0.000000000000000000e+00
-0.000000000000000000e+00
-0.000000000000000000e+00
-0.000000000000000000e+00
-0.000000000000000000e+00
-0.000000000000000000e+00
-0.000000000000000000e+00
-0.000000000000000000e+00
-0.000000000000000000e+00
4.786630460000000815e-03
1.789094232879999760e-02
4.481288415730000363e-02
7.562539332170001294e-02
1.061238146634000123e-01
1.280893239889999424e-01
1.475026331288999681e-01
1.394553160172999628e-01
1.750962906814999831e-01
1.790242585505000261e-01
2.439185344775000597e-01
3.001535370902999045e-01
3.101389638472999422e-01
2.099426231144999877e-01
2.065006875109998488e-02
8.961568885999998462e-04
-0.000000000000000000e+00
-0.000000000000000000e+00
-0.000000000000000000e+00
-0.000000000000000000e+00
-0.000000000000000000e+00
-0.000000000000000000e+00
-0.000000000000000000e+00
-0.000000000000000000e+00
4.617989615699999092e-03
2.705137072970000001e-02
4.877120834130002636e-02
5.237794063770000175e-02
5.259214167649998301e-02
4.708144980730001594e-02
6.378197203230000223e-02
1.224011004266999936e-01
2.635011618222999896e-01
3.292827775114999245e-01
2.400380113474999966e-01
1.335508080354000648e-01
8.879262589560002472e-02
2.997027773650001378e-02
4.282516385599999947e-03
-0.000000000000000000e+00
-0.000000000000000000e+00
-0.000000000000000000e+00
-0.000000000000000000e+00
-0.000000000000000000e+00
-0.000000000000000000e+00
-0.000000000000000000e+00
-0.000000000000000000e+00
-0.000000000000000000e+00
8.915596087399996553e-03
3.806228462520000466e-02
5.961828429770000409e-02
7.566632201009994285e-02
9.199690501979995716e-02
1.128787056297000241e-01
1.358460389977000360e-01
1.464674982851999763e-01
2.288209251226000496e-01
2.899407353157000267e-01
3.396458917270998579e-01
4.458382793183000015e-01
4.948865697738999425e-01
3.868684373455002490e-01
9.082779913750001211e-02
1.377062343900000135e-03
-0.000000000000000000e+00
-0.000000000000000000e+00
-0.000000000000000000e+00
-0.000000000000000000e+00
-0.000000000000000000e+00
-0.000000000000000000e+00
-0.000000000000000000e+00
-0.000000000000000000e+00
-0.000000000000000000e+00
-0.000000000000000000e+00
6.481144120999998530e-03
2.316952169510000034e-02
3.916024600740002082e-02
5.259288287959999753e-02
6.186136766060001263e-02
6.565478056870001355e-02
6.382673875130000229e-02
5.534244510199998884e-02
4.050959417499999660e-02
2.087445067640000471e-02
3.588729738700001046e-03
-0.000000000000000000e+00
-0.000000000000000000e+00
-0.000000000000000000e+00
-0.000000000000000000e+00
-0.000000000000000000e+00
-0.000000000000000000e+00
-0.000000000000000000e+00
-0.000000000000000000e+00
-0.000000000000000000e+00
-0.000000000000000000e+00
-0.000000000000000000e+00
7.689071693500000929e-03
3.670711270060000864e-02
5.667408343010000432e-02
6.014344178340000346e-02
6.248327778889998380e-02
7.168761271139999225e-02
1.058140657012000135e-01
1.212371614342000053e-01
2.495350438959999806e-01
3.804990705391999573e-01
5.096422391554000786e-01
4.844161639763001070e-01
3.562400487814000316e-01
1.656795228583000101e-01
3.593240351929998661e-02
1.889074003000000123e-03
-0.000000000000000000e+00
-0.000000000000000000e+00
-0.000000000000000000e+00
-0.000000000000000000e+00
6.680402423353000163e-01
