-0.000000000000000000e+00
-0.000000000000000000e+00
-0.000000000000000000e+00
-0.000000000000000000e+00
-0.000000000000000000e+00
-0.000000000000000000e+00
4.942575825700001424e+00
3.322358390939999850e+01
4.842248991319997486e+01
5.050200993210000888e+01
7.027284984650000865e+01
1.046405688447000273e+02
1.411597009689000117e+02
1.953705746512000303e+02
1.658772792948000188e+02
1.225132458909000377e+02
1.049173523032999924e+02
4.872282241450001550e+01
4.433266108900000724e+00
-0.000000000000000000e+00
-0.000000000000000000e+00
-0.000000000000000000e+00
-0.000000000000000000e+00
-0.000000000000000000e+00
-0.000000000000000000e+00
-0.000000000000000000e+00
-0.000000000000000000e+00
-0.000000000000000000e+00
-0.000000000000000000e+00
-0.000000000000000000e+00
-0.000000000000000000e+00
2.127927123500001461e+00
2.442248539009998609e+01
5.288161419559998677e+01
6.839921039009995241e+01
8.964533522370003027e+01
1.120668919413999873e+02
1.932326238806000447e+02
3.569419263422000768e+02
5.063564557936000483e+02
5.310589144424997130e+02
2.016374679200000344e+02
4.348235028999999363e-01
-0.000000000000000000e+00
-0.000000000000000000e+00
-0.000000000000000000e+00
-0.000000000000000000e+00
-0.000000000000000000e+00
-0.000000000000000000e+00
-0.000000000000000000e+00
-0.000000000000000000e+00
-0.000000000000000000e+00
-0.000000000000000000e+00
-0.000000000000000000e+00
4.313021651000001344e-01
1.749946448930000287e+01
4.669391055090000009e+01
6.902805397240001639e+01
8.317805749569997431e+01
7.136683927099997504e+01
7.210899138439998524e+01
2.330301866176000658e+02
4.373077652901999954e+02
5.386329905088001624e+02
4.229164359915999967e+02
1.280490395923999927e+02
2.783174279700000753e+00
-0.000000000000000000e+00
-0.000000000000000000e+00
-0.000000000000000000e+00
-0.000000000000000000e+00
-0.000000000000000000e+00
-0.000000000000000000e+00
-0.000000000000000000e+00
-0.000000000000000000e+00
-0.000000000000000000e+00
4.371358568000000555e-01
1.712903909160000282e+01
4.064578784229999542e+01
4.853080665269997951e+01
5.177255528480002056e+01
7.222943519989999572e+01
9.909279672560002439e+01
1.328281297467999877e+02
1.528620088376999604e+02
2.320255588648999776e+02
2.936964383170999895e+02
3.406490450142999293e+02
2.949203045781999322e+02
1.221784961498000115e+02
4.889688199699998705e+01
9.358268914500001756e+00
4.395927843999999363e-01
-0.000000000000000000e+00
-0.000000000000000000e+00
-0.000000000000000000e+00
-0.000000000000000000e+00
-0.000000000000000000e+00
-0.000000000000000000e+00
-0.000000000000000000e+00
-0.000000000000000000e+00
-0.000000000000000000e+00
-0.000000000000000000e+00
-0.000000000000000000e+00
1.747229063999999887e+00
1.044931419389999938e+01
2.849111177700000752e+01
4.714759420779998322e+01
6.280644690149997444e+01
5.383387920489997924e+01
3.492202031390001338e+01
1.399148043260000307e+01
2.723323281900001280e+00
-0.000000000000000000e+00
-0.000000000000000000e+00
-0.000000000000000000e+00
-0.000000000000000000e+00
-0.000000000000000000e+00
-0.000000000000000000e+00
-0.000000000000000000e+00
-0.000000000000000000e+00
-0.000000000000000000e+00
-0.000000000000000000e+00
-0.000000000000000000e+00
-0.000000000000000000e+00
1.307547095300000350e+00
1.122172031169999329e+01
2.850781759239999502e+01
4.706044738430000507e+01
6.398217482599998363e+01
7.763524734039997099e+01
8.765026828269999726e+01
9.345468642149999994e+01
9.491758958620005160e+01
9.093076183189999995e+01
8.009806922399997120e+01
6.280890708119999033e+01
4.141037028300001310e+01
1.903186530019999623e+01
3.536348437600000061e+00
-0.000000000000000000e+00
-0.000000000000000000e+00
-0.000000000000000000e+00
-0.000000000000000000e+00
-0.000000000000000000e+00
-0.000000000000000000e+00
-0.000000000000000000e+00
-0.000000000000000000e+00
-0.000000000000000000e+00
-0.000000000000000000e+00
-0.000000000000000000e+00
9.305730865499997506e+00
2.790565643569999921e+01
3.835958558469998536e+01
5.143355102710000182e+01
6.067869828709999069e+01
6.444756134740001130e+01
7.197044166779998875e+01
7.219063115980002010e+01
5.990224984810002695e+01
3.389759029389999512e+01
5.150249819199999024e+00
-0.000000000000000000e+00
-0.000000000000000000e+00
-0.000000000000000000e+00
-0.000000000000000000e+00
-0.000000000000000000e+00
-0.000000000000000000e+00
-0.000000000000000000e+00
-0.000000000000000000e+00
-0.000000000000000000e+00
-0.000000000000000000e+00
-0.000000000000000000e+00
8.690315635999997790e-01
1.104441098460000426e+01
3.594317816150000766e+01
6.187357337589999418e+01
8.532612062809999998e+01
1.055046366725000127e+02
1.215612251928999541e+02
1.338110029489999988e+02
2.131089162073000125e+02
4.038417211040999746e+02
5.850430876147000845e+02
6.404755346003000795e+02
5.281302053284996418e+02
2.356277671812000278e+02
6.729482395799998962e+00
-0.000000000000000000e+00
-0.000000000000000000e+00
-0.000000000000000000e+00
-0.000000000000000000e+00
-0.000000000000000000e+00
-0.000000000000000000e+00
-0.000000000000000000e+00
-0.000000000000000000e+00
-0.000000000000000000e+00
-0.000000000000000000e+00
6.840635655999999898e+00
2.859639240990000175e+01
4.679729062520000582e+01
5.508081848980000217e+01
8.513562360730000478e+01
1.141839143329000734e+02
1.417069787703999566e+02
1.547936834579999470e+02
2.056150784274000216e+02
2.187627883717000259e+02
1.096276756162999959e+02
5.654402608150001441e+01
1.371882486699999681e+01
4.358675464000001387e-01
-0.000000000000000000e+00
-0.000000000000000000e+00
-0.000000000000000000e+00
-0.000000000000000000e+00
-0.000000000000000000e+00
-0.000000000000000000e+00
-0.000000000000000000e+00
-0.000000000000000000e+00
-0.000000000000000000e+00
-0.000000000000000000e+00
-0.000000000000000000e+00
8.955383363099999272e+00
3.454950742630001059e+01
6.438250239000001329e+01
8.283372749749999286e+01
9.158833643630002541e+01
1.160787607354000244e+02
1.036514311355999922e+02
7.547598281949997556e+01
4.147900736080000428e+01
2.188510477119998754e+01
3.573832701799999789e+00
-0.000000000000000000e+00
-0.000000000000000000e+00
-0.000000000000000000e+00
-0.000000000000000000e+00
-0.000000000000000000e+00
-0.000000000000000000e+00
-0.000000000000000000e+00
6.404755346003000795e+02
