43.37707139
44.5156707
45.65427
46.7928693
47.37104221
45.7221971
44.073352
42.42450689
40.77566179
37.83428797
37.36426328
36.89423858
36.27294617
36.97306431
37.67318245
38.37330059
40.04838651
41.02938871
42.01039092
42.99139312
43.97239533
44.95339754
45.93439974
46.87957376
41.09987279
42.23847209
43.37707139
44.5156707
45.65427
46.7928693
47.37104221
45.7221971
44.073352
42.42450689
40.77566179
37.83428797
37.36426328
36.89423858
36.27294617
36.97306431
37.67318245
38.37330059
40.04838651
41.02938871
42.01039092
42.99139312
43.97239533
44.95339754
40.89546754
39.30637424
37.71728094
36.12818763
34.53909433
31.6120053
30.507767279999996
29.40352926
27.4244743
26.78150347
26.9246288
29.76766733
32.61070586
35.45374439
38.29678292
41.13982145
43.98285998
46.99639755
45.16885806
43.34131857
41.51377907
39.68623958
37.85870009
36.0311606
44.07365415
42.48456084
40.89546754
39.30637424
37.71728094
36.12818763
34.53909433
31.6120053
30.507767279999996
29.40352926
27.4244743
26.78150347
26.9246288
29.76766733
32.61070586
35.45374439
38.29678292
41.13982145
43.98285998
46.99639755
45.16885806
43.34131857
41.51377907
39.68623958
39.50100556
37.82198208
35.58231947
36.19342704
36.80453461
37.41564218
38.02674975
38.63785732
38.82267419
39.96127349
41.09987279
42.23847209
43.37707139
44.5156707
45.65427
46.7928693
47.37104221
45.7221971
44.073352
42.42450689
40.77566179
37.83428797
37.36426328
36.89423858
30.507767279999996
29.40352926
27.4244743
26.78150347
26.9246288
29.76766733
32.61070586
35.45374439
38.29678292
41.13982145
43.98285998
46.99639755
45.16885806
43.34131857
41.51377907
39.68623958
37.85870009
36.0311606
34.19611044
34.19414299
32.56979374
30.7049654
34.05065507
37.39634473
45.65427
46.7928693
47.37104221
45.7221971
44.073352
42.42450689
40.77566179
37.83428797
37.36426328
36.89423858
36.27294617
36.97306431
37.67318245
38.37330059
40.04838651
41.02938871
42.01039092
42.99139312
43.97239533
44.95339754
45.93439974
46.87957376
45.37228076
43.86498775
37.82198208
35.58231947
36.19342704
36.80453461
37.41564218
38.02674975
38.63785732
38.82267419
39.96127349
41.09987279
42.23847209
43.37707139
44.5156707
45.65427
46.7928693
47.37104221
45.7221971
44.073352
42.42450689
40.77566179
37.83428797
37.36426328
36.89423858
36.27294617
47.95595306
29.40352926
