43.37707139
44.5156707
45.65427
46.7928693
47.37104221
45.7221971
44.073352
42.42450689
40.77566179
37.83428797
37.36426328
36.89423858
36.27294617
36.97306431
37.67318245
38.37330059
40.04838651
41.02938871
42.01039092
42.99139312
43.97239533
44.95339754
45.93439974
46.87957376
42.48456084
40.89546754
39.30637424
37.71728094
36.12818763
34.53909433
31.6120053
30.50776728
29.40352926
27.4244743
26.78150347
26.9246288
29.76766733
32.61070586
35.45374439
38.29678292
41.13982145
43.98285998
46.99639755
45.16885806
43.34131857
41.51377907
39.68623958
37.85870009
41.09987279
42.23847209
43.37707139
44.5156707
45.65427
46.7928693
47.37104221
45.7221971
44.073352
42.42450689
40.77566179
37.83428797
37.36426328
36.89423858
36.27294617
36.97306431
37.67318245
38.37330059
40.04838651
41.02938871
42.01039092
42.99139312
43.97239533
44.95339754
40.89546754
39.30637424
37.71728094
36.12818763
34.53909433
31.6120053
30.50776728
29.40352926
27.4244743
26.78150347
26.9246288
29.76766733
32.61070586
35.45374439
38.29678292
41.13982145
43.98285998
46.99639755
45.16885806
43.34131857
41.51377907
39.68623958
37.85870009
36.0311606
44.07365415
42.48456084
40.89546754
39.30637424
37.71728094
36.12818763
34.53909433
31.6120053
30.50776728
29.40352926
27.4244743
26.78150347
26.9246288
29.76766733
32.61070586
35.45374439
38.29678292
41.13982145
43.98285998
46.99639755
45.16885806
43.34131857
41.51377907
39.68623958
26.87096887
28.13777688
31.06260213
33.98742738
36.91225263
39.83707788
42.76190313
47.25184075
45.66274745
44.07365415
42.48456084
40.89546754
39.30637424
37.71728094
36.12818763
34.53909433
31.6120053
30.50776728
29.40352926
27.4244743
26.78150347
26.9246288
29.76766733
32.61070586
40.89546754
39.30637424
37.71728094
36.12818763
34.53909433
31.6120053
30.50776728
29.40352926
27.4244743
26.78150347
26.9246288
29.76766733
32.61070586
35.45374439
38.29678292
41.13982145
43.98285998
46.99639755
45.16885806
43.34131857
41.51377907
39.68623958
37.85870009
36.0311606
43.04448751
41.17853243
39.31257735
37.44662227
35.5806672
34.88175752
34.29066549
33.69957347
33.10848144
31.37002138
30.17719204
28.9843627
27.00728825
26.50056867
25.99384909
31.14781182
47.45120571
47.70357939
47.95595306
46.65187828
44.93905044
43.2262226
41.51339476
39.80056692
28.57700101
27.72398494
26.87096887
28.13777688
31.06260213
33.98742738
36.91225263
39.83707788
42.76190313
47.25184075
45.66274745
44.07365415
42.48456084
40.89546754
39.30637424
37.71728094
36.12818763
34.53909433
31.6120053
30.50776728
29.40352926
27.4244743
26.78150347
26.9246288
37.82198208
35.58231947
36.19342704
36.80453461
37.41564218
38.02674975
38.63785732
38.82267419
39.96127349
41.09987279
42.23847209
43.37707139
44.5156707
45.65427
46.7928693
47.37104221
45.7221971
44.073352
42.42450689
40.77566179
37.83428797
37.36426328
36.89423858
36.27294617
47.95595306
29.40352926
