0.0
0.0
0.0
0.0
0.0
0.0
0.0
0.0
12.0
152.0
270.0
355.0
392.0
378.0
310.0
203.0
73.0
0.0
0.0
0.0
0.0
0.0
0.0
0.0
0.0
0.0
0.0
0.0
0.0
0.0
0.0
0.0
9.0
144.0
264.0
346.0
375.0
354.0
284.0
171.0
24.0
0.0
0.0
0.0
0.0
0.0
0.0
0.0
0.0
0.0
0.0
0.0
0.0
0.0
0.0
3.0
71.0
154.0
268.0
374.0
365.0
311.0
190.0
171.0
82.0
2.0
0.0
0.0
0.0
0.0
0.0
0.0
0.0
0.0
0.0
0.0
0.0
0.0
19.0
31.0
347.0
407.0
546.0
931.0
582.0
68.0
62.0
51.0
37.0
29.0
7.0
0.0
0.0
0.0
0.0
0.0
0.0
0.0
0.0
0.0
0.0
15.0
146.0
314.0
470.0
592.0
716.0
762.0
764.0
777.0
715.0
632.0
504.0
360.0
200.0
63.0
0.0
0.0
0.0
0.0
0.0
0.0
0.0
0.0
0.0
65.0
199.0
346.0
494.0
642.0
748.0
804.0
794.0
765.0
685.0
589.0
497.0
341.0
188.0
66.0
1.0
0.0
0.0
0.0
0.0
873.4000000000001
