0.0
0.0
0.0
0.0
0.0
0.0
0.0
58.0
200.0
347.0
468.0
553.0
578.0
575.0
513.0
393.0
268.0
123.0
4.0
0.0
0.0
0.0
0.0
0.0
0.0
0.0
0.0
0.0
0.0
0.0
0.0
2.0
15.0
24.0
59.0
50.0
64.0
363.0
291.0
174.0
66.0
0.0
0.0
0.0
0.0
0.0
0.0
0.0
0.0
0.0
0.0
0.0
0.0
0.0
0.0
0.0
8.0
105.0
200.0
300.0
301.0
233.0
206.0
129.0
16.0
0.0
0.0
0.0
0.0
0.0
0.0
0.0
0.0
0.0
0.0
0.0
0.0
0.0
0.0
0.0
61.0
194.0
319.0
408.0
462.0
430.0
351.0
243.0
118.0
3.0
0.0
0.0
0.0
0.0
0.0
0.0
0.0
0.0
0.0
0.0
0.0
0.0
0.0
1.0
96.0
249.0
384.0
473.0
507.0
494.0
428.0
320.0
176.0
18.0
0.0
0.0
0.0
0.0
0.0
0.0
0.0
0.0
0.0
0.0
0.0
0.0
1.0
73.0
182.0
312.0
395.0
455.0
494.0
472.0
416.0
308.0
198.0
86.0
3.0
0.0
0.0
0.0
0.0
0.0
0.0
0.0
0.0
0.0
0.0
0.0
7.0
180.0
214.0
388.0
494.0
713.0
924.0
400.0
265.0
53.0
39.0
71.0
42.0
0.0
0.0
0.0
0.0
0.0
0.0
0.0
0.0
0.0
0.0
37.0
135.0
215.0
246.0
194.0
274.0
300.0
491.0
471.0
555.0
523.0
509.0
478.0
276.0
99.0
4.0
0.0
0.0
0.0
0.0
0.0
0.0
0.0
0.0
56.0
196.0
370.0
543.0
697.0
822.0
903.0
939.0
925.0
860.0
749.0
602.0
432.0
255.0
96.0
1.0
0.0
0.0
0.0
0.0
0.0
0.0
0.0
0.0
1.0
83.0
225.0
375.0
520.0
653.0
743.0
773.0
764.0
687.0
558.0
424.0
260.0
113.0
3.0
0.0
0.0
0.0
0.0
0.0
859.1
