0.0
0.0
0.0
0.0
0.0
0.0
0.0
0.0
10.0
90.0
189.0
238.0
289.0
251.0
216.0
144.0
59.0
1.0
0.0
0.0
0.0
0.0
0.0
0.0
0.0
0.0
0.0
0.0
0.0
0.0
0.0
0.0
46.0
59.0
142.0
320.0
286.0
197.0
61.0
84.0
35.0
0.0
0.0
0.0
0.0
0.0
0.0
0.0
0.0
0.0
0.0
0.0
0.0
0.0
0.0
0.0
2.0
104.0
160.0
216.0
265.0
343.0
218.0
112.0
16.0
0.0
0.0
0.0
0.0
0.0
0.0
0.0
0.0
0.0
0.0
0.0
0.0
0.0
0.0
0.0
65.0
183.0
240.0
270.0
369.0
324.0
309.0
275.0
150.0
16.0
0.0
0.0
0.0
0.0
0.0
0.0
0.0
0.0
0.0
0.0
0.0
0.0
0.0
1.0
48.0
115.0
174.0
215.0
236.0
226.0
181.0
139.0
78.0
26.0
0.0
0.0
0.0
0.0
0.0
0.0
0.0
0.0
0.0
0.0
0.0
0.0
7.0
180.0
214.0
388.0
494.0
713.0
924.0
400.0
265.0
53.0
39.0
71.0
42.0
0.0
0.0
0.0
0.0
0.0
0.0
0.0
0.0
0.0
0.0
37.0
135.0
215.0
246.0
194.0
274.0
300.0
491.0
471.0
555.0
523.0
509.0
478.0
276.0
99.0
4.0
0.0
0.0
0.0
0.0
0.0
0.0
0.0
0.0
22.0
128.0
344.0
461.0
757.0
714.0
726.0
562.0
569.0
550.0
384.0
95.0
47.0
19.0
6.0
0.0
0.0
0.0
0.0
0.0
0.0
0.0
0.0
0.0
20.0
77.0
226.0
330.0
397.0
421.0
601.0
282.0
206.0
344.0
344.0
125.0
38.0
21.0
7.0
0.0
0.0
0.0
0.0
0.0
0.0
0.0
0.0
0.0
4.0
73.0
159.0
276.0
373.0
445.0
604.0
495.0
564.0
473.0
423.0
355.0
310.0
155.0
59.0
1.0
0.0
0.0
0.0
0.0
859.1
