0.0
0.0
0.0
0.0
0.0
0.0
0.0
2.0
118.0
266.0
289.0
299.0
202.0
175.0
198.0
153.0
29.0
0.0
0.0
0.0
0.0
0.0
0.0
0.0
0.0
0.0
0.0
0.0
0.0
0.0
0.0
0.0
11.0
135.0
235.0
312.0
320.0
275.0
213.0
116.0
4.0
0.0
0.0
0.0
0.0
0.0
0.0
0.0
0.0
0.0
0.0
0.0
0.0
0.0
0.0
0.0
2.0
79.0
155.0
219.0
234.0
214.0
161.0
83.0
4.0
0.0
0.0
0.0
0.0
0.0
0.0
0.0
0.0
0.0
0.0
0.0
0.0
0.0
0.0
0.0
5.0
48.0
83.0
104.0
110.0
100.0
73.0
39.0
2.0
0.0
0.0
0.0
0.0
0.0
0.0
0.0
0.0
0.0
0.0
0.0
0.0
0.0
0.0
12.0
102.0
179.0
240.0
303.0
306.0
268.0
226.0
147.0
68.0
2.0
0.0
0.0
0.0
0.0
0.0
0.0
0.0
0.0
0.0
0.0
0.0
1.0
42.0
108.0
173.0
235.0
282.0
319.0
323.0
308.0
270.0
231.0
193.0
112.0
43.0
1.0
0.0
0.0
0.0
0.0
0.0
0.0
0.0
0.0
0.0
0.0
7.0
81.0
162.0
232.0
272.0
319.0
329.0
284.0
248.0
184.0
129.0
60.0
3.0
0.0
0.0
0.0
0.0
0.0
0.0
0.0
0.0
0.0
0.0
22.0
156.0
291.0
488.0
787.0
779.0
693.0
734.0
582.0
276.0
111.0
100.0
34.0
19.0
6.0
0.0
0.0
0.0
0.0
0.0
0.0
0.0
0.0
0.0
56.0
196.0
370.0
543.0
697.0
822.0
903.0
939.0
925.0
860.0
749.0
602.0
432.0
255.0
96.0
1.0
0.0
0.0
0.0
0.0
0.0
0.0
0.0
0.0
1.0
106.0
270.0
446.0
608.0
739.0
822.0
853.0
828.0
762.0
646.0
492.0
317.0
143.0
6.0
0.0
0.0
0.0
0.0
0.0
859.1
