0.0
0.0
0.0
0.0
0.0
0.0
0.0
79.0
223.0
366.0
488.0
579.0
627.0
619.0
559.0
455.0
308.0
149.0
8.0
0.0
0.0
0.0
0.0
0.0
0.0
0.0
0.0
0.0
0.0
0.0
0.0
0.0
8.0
117.0
221.0
278.0
290.0
216.0
166.0
96.0
3.0
0.0
0.0
0.0
0.0
0.0
0.0
0.0
0.0
0.0
0.0
0.0
0.0
0.0
0.0
0.0
5.0
37.0
89.0
92.0
95.0
86.0
59.0
28.0
4.0
0.0
0.0
0.0
0.0
0.0
0.0
0.0
0.0
0.0
0.0
0.0
0.0
0.0
0.0
0.0
11.0
121.0
211.0
266.0
287.0
271.0
235.0
158.0
62.0
1.0
0.0
0.0
0.0
0.0
0.0
0.0
0.0
0.0
0.0
0.0
0.0
0.0
0.0
0.0
61.0
194.0
319.0
408.0
462.0
430.0
351.0
243.0
118.0
3.0
0.0
0.0
0.0
0.0
0.0
0.0
0.0
0.0
0.0
0.0
0.0
0.0
0.0
46.0
134.0
198.0
263.0
302.0
282.0
243.0
225.0
151.0
71.0
4.0
0.0
0.0
0.0
0.0
0.0
0.0
0.0
0.0
0.0
0.0
0.0
51.0
162.0
286.0
410.0
511.0
600.0
636.0
662.0
647.0
591.0
515.0
416.0
288.0
166.0
55.0
0.0
0.0
0.0
0.0
0.0
0.0
0.0
0.0
0.0
0.0
8.0
87.0
165.0
233.0
318.0
334.0
353.0
291.0
254.0
197.0
125.0
65.0
3.0
0.0
0.0
0.0
0.0
0.0
0.0
0.0
0.0
0.0
0.0
80.0
235.0
418.0
598.0
760.0
882.0
958.0
986.0
963.0
889.0
769.0
613.0
433.0
250.0
91.0
1.0
0.0
0.0
0.0
0.0
0.0
0.0
0.0
0.0
20.0
77.0
226.0
330.0
397.0
421.0
601.0
282.0
206.0
344.0
344.0
125.0
38.0
21.0
7.0
0.0
0.0
0.0
0.0
0.0
859.1
