9.9
8.6
7.3
6.6
5.9
5.4
5.3
6.2
7.8
9.5
11.1
12.6
13.8
14.6
15.1
15.1
14.7
13.6
12.3
11.6
10.9
10.1
9.4
8.7
1.1
1.0
0.9
0.9
0.8
0.8
0.8
0.8
1.2
3.8
6.4
8.4
9.7
10.0
9.7
8.8
7.3
7.1
6.9
6.7
6.4
6.2
6.0
5.8
6.4
6.5
6.4
6.4
6.4
6.4
6.4
6.4
6.7
7.4
8.5
9.1
9.5
9.7
9.6
9.3
8.8
8.5
8.2
7.9
7.6
7.3
7.0
6.7
-2.7
-2.8
-2.8
-2.9
-2.9
-3.0
-3.0
-3.1
-2.6
0.0
2.2
3.9
5.2
5.8
6.1
5.7
4.5
3.0
3.5
4.0
4.4
4.9
5.3
5.8
-1.9
-1.9
-2.0
-2.0
-2.0
-2.0
-2.0
-1.9
-0.8
1.2
3.3
5.3
6.9
7.9
8.3
8.1
7.2
5.8
5.5
5.2
4.9
4.6
4.3
4.0
16.0
15.3
14.6
14.3
13.9
13.7
13.7
14.4
15.6
16.7
17.8
18.7
19.3
19.6
19.7
19.4
18.8
18.0
17.4
16.8
16.2
15.6
15.0
14.4
11.1
10.3
9.8
9.5
9.5
10.0
11.1
12.4
13.7
15.1
16.3
17.3
18.2
18.8
19.2
19.3
19.2
18.7
18.0
17.0
16.0
14.8
13.6
12.4
11.7
11.3
10.8
10.5
10.3
10.2
10.3
11.3
12.3
13.2
14.1
14.8
15.0
15.6
15.6
15.5
15.0
14.5
13.8
13.4
13.0
12.6
12.2
11.8
13.3
11.9
11.2
10.7
10.5
11.4
12.9
14.7
16.7
18.6
20.4
21.9
23.2
24.1
24.7
24.9
24.7
24.0
22.9
21.4
20.0
18.4
16.9
15.4
21.7
21.2
21.0
20.6
20.5
20.2
21.1
22.6
23.2
23.0
25.1
26.3
26.1
25.8
26.0
26.1
25.6
24.9
24.3
23.5
23.2
22.3
21.3
20.4
-8.14
36.190000000000005
