9.9
8.6
7.3
6.6
5.9
5.4
5.3
6.2
7.8
9.5
11.1
12.6
13.8
14.6
15.1
15.1
14.7
13.6
12.3
11.6
10.9
10.1
9.4
8.7
6.4
6.5
6.4
6.4
6.4
6.4
6.4
6.4
6.7
7.4
8.5
9.1
9.5
9.7
9.6
9.3
8.8
8.5
8.2
7.9
7.6
7.3
7.0
6.7
-2.7
-2.8
-2.8
-2.9
-2.9
-3.0
-3.0
-3.1
-2.6
0.0
2.2
3.9
5.2
5.8
6.1
5.7
4.5
3.0
3.5
4.0
4.4
4.9
5.3
5.8
-1.9
-1.9
-2.0
-2.0
-2.0
-2.0
-2.0
-1.9
-0.8
1.2
3.3
5.3
6.9
7.9
8.3
8.1
7.2
5.8
5.5
5.2
4.9
4.6
4.3
4.0
12.1
11.9
11.6
11.5
11.2
11.3
10.9
10.9
11.5
12.0
12.3
12.5
12.6
12.8
12.6
12.7
12.5
11.9
11.9
10.0
11.4
10.5
9.5
9.7
11.3
10.6
10.3
9.9
9.7
9.8
11.5
13.3
14.9
16.3
17.7
18.9
19.9
20.6
20.9
20.8
20.4
19.5
18.4
17.2
16.3
15.4
14.4
13.5
17.7
17.0
16.6
16.3
16.0
16.4
18.0
19.7
21.4
23.0
24.6
25.9
26.9
27.7
28.1
28.3
28.1
27.5
26.5
25.2
23.9
22.8
21.7
20.6
21.7
21.2
21.0
20.6
20.5
20.2
21.1
22.6
23.2
23.0
25.1
26.3
26.1
25.8
26.0
26.1
25.6
24.9
24.3
23.5
23.2
22.3
21.3
20.4
-8.14
36.190000000000005
