9.2
8.3
7.5
7.0
6.5
6.1
5.8
5.8
8.1
10.7
12.3
13.2
13.2
12.9
12.9
12.5
11.4
10.6
9.9
9.1
8.3
7.6
6.8
6.1
4.1
2.9
1.7
1.1
0.5
-0.2
-0.7
-1.1
-0.9
1.3
3.1
4.7
5.7
6.0
5.8
4.9
3.4
3.1
2.7
2.4
2.1
1.7
1.4
1.0
1.0
0.5
0.0
-0.2
-0.5
-0.7
-0.9
-1.0
-1.0
0.4
1.7
3.0
3.8
4.3
4.3
3.7
2.8
2.4
2.0
1.6
1.2
0.8
0.4
0.0
1.1
1.1
1.2
1.2
1.3
1.3
1.4
1.4
1.7
2.8
3.8
4.6
5.1
5.4
5.4
5.1
4.5
4.2
3.8
3.5
3.1
2.8
2.4
2.1
13.0
12.5
12.0
11.7
11.4
11.2
11.1
11.4
12.7
13.8
14.8
15.8
16.4
16.8
16.8
16.5
15.8
15.0
14.3
13.6
13.0
12.3
11.6
10.9
7.0
7.1
7.2
7.3
7.4
7.4
8.1
9.0
10.0
10.8
11.8
12.6
13.3
13.7
14.0
14.0
13.9
13.5
12.0
12.0
11.6
10.7
9.8
8.6
16.3
15.5
14.8
14.4
14.0
13.6
13.9
14.7
15.6
16.4
17.1
17.7
18.1
18.3
18.3
18.2
17.9
17.3
16.7
15.6
15.4
14.8
14.1
13.5
17.4
16.6
16.2
15.9
15.6
16.0
17.1
18.2
19.6
21.5
22.7
23.4
23.9
24.1
23.4
22.4
21.6
20.7
19.9
19.2
18.6
17.7
16.8
15.9
16.6
15.1
14.3
13.8
13.7
14.3
15.5
17.2
19.1
20.9
22.6
24.1
25.4
26.3
26.9
27.2
27.1
26.5
25.5
24.2
22.7
21.1
19.4
17.7
16.1
15.0
14.5
13.9
13.5
13.4
14.6
16.3
18.2
20.1
21.8
23.4
24.6
25.4
26.0
26.1
25.8
24.9
23.7
22.2
21.2
20.2
19.2
18.2
-8.14
36.190000000000005
