2.5
1.6
0.6
0.1
-0.4
-0.8
-0.9
-0.1
1.4
3.1
4.8
6.3
7.4
8.3
8.7
8.7
8.2
7.2
5.9
5.5
5.0
4.6
4.2
3.7
4.4
4.1
3.8
3.7
3.6
3.5
3.4
3.4
3.9
4.1
4.7
5.0
4.9
7.5
8.8
9.2
8.8
8.0
7.8
7.6
7.4
7.1
6.9
6.7
0.7
0.3
-0.1
-0.3
-0.5
-0.7
-0.9
-1.0
-0.7
1.2
3.1
5.0
6.2
6.5
6.6
6.0
4.7
4.3
3.8
3.3
2.8
2.4
1.9
1.4
-1.9
-1.9
-2.0
-2.0
-2.0
-2.0
-2.0
-1.9
-0.8
1.2
3.3
5.3
6.9
7.9
8.3
8.1
7.2
5.8
5.5
5.2
4.9
4.6
4.3
4.0
-5.8
-5.8
-5.8
-5.8
-5.8
-5.9
-5.9
-6.0
-4.6
-2.7
-0.7
1.0
2.2
3.0
3.4
3.3
2.4
1.0
0.5
0.0
-0.4
-0.9
-1.4
-1.8
4.4
4.0
3.6
3.4
3.2
3.1
3.1
4.1
5.5
7.2
8.6
9.9
10.9
11.7
12.0
12.0
11.5
10.5
9.5
9.0
8.6
8.1
7.7
7.2
13.4
12.8
12.2
11.9
11.6
11.5
11.6
13.3
14.1
15.3
16.4
17.9
19.5
19.4
18.9
17.8
16.9
16.2
15.6
14.9
14.4
13.8
13.3
12.7
11.6
10.8
10.4
10.1
10.0
10.5
11.4
12.4
12.8
13.4
13.9
14.2
15.1
15.7
16.5
17.0
17.4
17.7
17.5
16.9
16.0
15.2
14.3
13.5
16.6
15.1
14.3
13.8
13.7
14.3
15.5
17.2
19.1
20.9
22.6
24.1
25.4
26.3
26.9
27.2
27.1
26.5
25.5
24.2
22.7
21.1
19.4
17.7
22.6
21.1
20.3
19.5
18.9
18.8
19.7
21.0
22.4
23.9
25.3
26.6
27.7
28.4
28.8
28.9
28.6
27.8
26.8
25.5
24.1
22.6
21.2
19.7
-8.14
36.190000000000005
