-1.5
-2.0
-2.6
-2.9
-3.2
-3.4
-3.6
-3.8
-3.4
-0.8
1.6
3.5
5.0
5.9
6.1
5.6
4.2
2.7
2.3
1.9
1.6
1.2
0.8
0.5
-5.3
-5.9
-6.4
-6.7
-7.0
-7.3
-7.5
-7.7
-7.4
-4.9
-2.7
-0.8
0.5
1.2
1.4
0.7
-0.9
-1.3
-1.7
-2.2
-2.6
-3.1
-3.5
-4.0
8.1
7.5
6.8
6.5
6.2
5.9
5.7
5.8
6.8
7.9
9.3
10.8
11.7
12.1
11.9
11.6
11.0
10.1
9.3
8.6
7.9
7.2
6.4
5.7
13.9
12.8
12.3
11.8
11.5
11.5
11.7
11.3
13.2
14.2
15.3
17.0
17.5
16.6
15.9
15.2
14.6
14.2
13.6
13.3
12.7
12.2
11.6
11.0
18.5
17.4
16.8
16.2
15.8
16.0
17.4
19.1
20.7
22.3
23.7
24.9
25.7
26.4
26.8
26.9
26.7
26.0
25.0
23.8
22.6
21.0
19.4
17.9
15.0
14.0
13.5
13.1
13.0
13.8
15.1
16.7
18.3
20.0
21.6
23.0
24.0
24.7
25.0
25.1
25.0
24.4
23.4
22.2
21.0
19.6
18.3
17.0
-10.450000000000001
36.190000000000005
