3.6
2.9
2.1
1.8
1.4
1.0
0.7
0.4
0.7
2.1
3.8
5.0
6.2
6.6
6.8
6.4
5.5
4.4
4.1
3.8
3.4
3.1
2.8
2.5
6.0
5.1
4.2
3.7
3.2
2.9
2.5
2.5
3.2
3.5
4.3
6.0
6.9
7.1
6.4
6.0
5.3
5.0
4.8
4.5
4.2
3.9
3.6
3.3
3.5
2.8
2.1
1.7
1.4
1.0
0.7
0.4
0.5
2.2
3.4
4.5
5.4
6.5
6.6
6.0
4.9
4.4
3.8
3.3
2.7
2.2
1.6
1.1
0.3
0.1
-0.2
-0.3
-0.4
-0.4
-0.5
-0.5
0.7
2.5
3.9
5.0
6.3
7.0
7.5
7.7
7.3
6.2
5.5
4.9
4.3
3.6
3.0
2.3
6.6
6.4
6.6
6.5
6.5
6.6
6.6
6.7
7.6
8.7
9.9
10.9
11.7
12.2
12.4
12.4
12.0
11.3
10.7
9.7
9.7
9.4
9.0
8.5
13.4
12.8
12.2
11.9
11.6
11.5
11.6
13.3
14.1
15.3
16.4
17.9
19.5
19.4
18.9
17.8
16.9
16.2
15.6
14.9
14.4
13.8
13.3
12.7
11.6
10.8
10.4
10.1
10.0
10.5
11.4
12.4
12.8
13.4
13.9
14.2
15.1
15.7
16.5
17.0
17.4
17.7
17.5
16.9
16.0
15.2
14.3
13.5
20.0
19.3
19.0
18.6
18.4
18.8
19.8
21.5
22.9
24.9
26.0
26.9
27.1
27.3
27.4
27.1
26.0
25.0
24.0
23.2
22.4
21.1
19.8
18.5
21.7
21.2
21.0
20.6
20.5
20.2
21.1
22.6
23.2
23.0
25.1
26.3
26.1
25.8
26.0
26.1
25.6
24.9
24.3
23.5
23.2
22.3
21.3
20.4
15.3
15.1
14.9
14.8
14.7
14.8
15.5
16.6
17.8
18.9
20.0
21.4
22.0
22.7
23.0
22.9
23.1
22.9
22.3
21.5
20.6
19.8
19.0
18.3
-8.14
36.190000000000005
