4.3545e+8
4.3545e+8
4.3545e+8
4.3545e+8
4.3545e+8
4.3545e+8
4.3545e+8
4.3545e+8
4.3545e+8
4.3545e+8
4.3545e+8
4.3545e+8
4.3545e+8
4.3545e+8
4.3545e+8
4.3545e+8
4.3545e+8
4.3545e+8
4.3545e+8
4.3545e+8
4.3545e+8
4.3545e+8
4.3545e+8
4.3545e+8
4.3545e+8
4.3545e+8
4.3545e+8
4.3545e+8
4.3545e+8
4.3545e+8
4.1642e+8
4.1642e+8
4.1642e+8
4.1642e+8
4.1642e+8
4.1642e+8
4.1642e+8
4.1642e+8
4.1642e+8
4.1642e+8
4.1642e+8
4.1642e+8
4.1642e+8
4.1642e+8
4.1642e+8
4.1642e+8
4.1642e+8
4.1642e+8
4.1642e+8
4.1642e+8
4.1642e+8
4.1642e+8
4.1642e+8
4.1642e+8
4.1642e+8
4.1642e+8
4.1642e+8
4.1642e+8
4.1642e+8
4.1642e+8
4.7398e+8
4.7398e+8
4.7398e+8
4.7398e+8
4.7398e+8
4.7398e+8
4.7398e+8
4.7398e+8
4.7398e+8
4.7398e+8
4.7398e+8
4.7398e+8
4.7398e+8
4.7398e+8
4.7398e+8
4.7398e+8
4.7398e+8
4.7398e+8
4.7398e+8
4.7398e+8
4.7398e+8
4.7398e+8
4.7398e+8
4.7398e+8
4.0673e+8
4.0673e+8
4.0673e+8
4.0673e+8
4.0673e+8
4.0673e+8
4.0673e+8
4.0673e+8
4.0673e+8
4.0673e+8
4.0673e+8
4.0673e+8
4.0673e+8
4.0673e+8
4.0673e+8
4.0673e+8
4.0673e+8
4.0673e+8
4.0673e+8
4.0673e+8
4.0673e+8
4.0673e+8
4.0673e+8
4.0673e+8
4.2893e+8
4.2893e+8
4.2893e+8
4.2893e+8
4.2893e+8
4.2893e+8
4.2893e+8
4.2893e+8
4.2893e+8
4.2893e+8
4.2893e+8
4.2893e+8
4.2893e+8
4.2893e+8
4.2893e+8
4.2893e+8
4.2893e+8
4.2893e+8
4.4522e+8
4.4522e+8
4.4522e+8
4.4522e+8
4.4522e+8
4.4522e+8
4.4522e+8
4.4522e+8
4.4522e+8
4.4522e+8
4.4522e+8
4.4522e+8
4.5517e+8
4.5517e+8
4.5517e+8
4.5517e+8
4.5517e+8
4.5517e+8
3.442e+8
