0,38.0
1,41.8
2,43.2
3,40.0
4,43.1
5,42.5
6,41.8
7,44.1
8,44.8
9,40.2
10,34.9
11,37.7
12,31.7
13,31.8
14,35.9
15,37.3
16,31.3
17,34.2
18,44.9
19,45.9
20,44.9
21,47.6
22,44.1
23,37.9
24,42.3
25,41.0
26,38.3
27,34.6
28,36.7
29,37.5
30,36.7
31,36.8
32,36.9
33,37.0
34,32.5
35,34.2
36,25.7
37,28.8
38,28.8
39,30.9
40,27.8
41,28.1
42,26.3
43,28.9
44,32.8
45,36.0
46,36.0
47,36.0
48,30.9
49,30.4
50,31.9
51,36.7
52,40.1
53,39.1
54,46.5
55,50.9
56,55.5
57,58.7
58,58.5
59,58.4
60,52.3
61,53.5
62,46.7
63,47.9
64,42.0
65,43.5
66,48.5
67,65.4
68,71.5
69,75.6
70,76.9
71,77.8
72,70.0
73,66.0
74,54.5
75,57.7
76,56.6
77,55.0
78,61.2
79,74.3
80,84.4
81,76.4
82,57.4
83,52.8
84,37.2
85,52.1
86,61.7
87,71.1
88,53.2
89,69.7
90,82.6
91,91.0
92,98.1
93,108.9
94,86.2
95,78.0
96,66.0
97,52.2
98,49.5
99,52.7
100,48.4
101,40.8
102,34.5
103,34.9
104,31.7
105,26.3
106,31.6
107,30.1
108,37.4
109,41.5
110,44.6
111,45.6
112,34.7
113,30.4
114,26.2
115,34.4
116,44.6
117,45.0
118,40.3
119,54.0
120,66.5
121,51.1
122,63.7
123,82.3
124,85.6
125,94.3
126,112.5
127,98.2
128,65.2
129,55.8
130,74.3
131,83.6
132,90.2
133,92.4
134,104.9
135,95.8
136,57.5
137,53.3
138,70.1
139,84.6
140,87.7
141,81.7
142,60.4
143,52.7
144,58.5
145,41.6
146,43.2
147,51.7
148,46.6
149,41.1
150,31.3
151,27.6
152,22.3
153,33.5
154,58.2
155,57.3
156,73.6
157,69.3
158,59.8
159,58.5
160,64.9
161,70.9
162,81.0
163,92.1
164,100.5
165,91.6
166,106.2
167,95.3
168,108.5
169,112.8
170,104.5
171,101.7
172,96.4
173,78.5
174,80.3
175,109.7
176,113.6
177,108.6
178,79.4
179,79.9
180,81.1
181,72.2
182,69.5
183,54.0
184,42.0
185,46.0
186,43.6
187,52.1
188,48.5
189,49.9
190,54.5
191,56.2
192,43.8
193,41.5
194,35.5
195,31.7
196,28.4
197,30.5
198,35.0
199,48.5
200,63.3
201,75.0
202,78.2
203,104.0
204,99.7
205,84.3
206,74.6
207,64.4
208,53.5
209,56.0
210,53.9
211,85.6
212,123.2
213,113.3
214,130.4
215,94.8
216,82.4
217,57.1
218,61.4
219,70.3
220,71.6
221,46.8
222,23.9
223,19.0
224,19.0
225,20.5
226,21.0
227,21.4
228,21.1
229,23.4
230,24.8
231,24.2
232,20.9
233,18.9
234,18.9
235,31.0
236,60.6
237,83.7
238,109.0
239,84.7
240,99.6
241,130.0
242,125.4
243,116.8
244,100.2
245,76.2
246,43.1
247,48.0
248,63.2
249,53.4
250,48.3
251,65.3
252,60.5
253,67.5
254,54.4
255,37.4
256,33.7
257,45.3
258,51.6
259,39.7
260,72.4
261,102.9
262,102.9
263,118.4
264,126.4
265,139.1
266,132.4
267,133.1
268,111.0
269,66.7
270,32.4
271,26.4
272,44.5
273,67.0
274,69.3
275,66.1
276,70.9
277,54.3
278,66.0
279,32.1
280,36.2
281,41.7
282,33.0
283,36.4
284,101.7
285,97.5
286,98.6
287,119.3
288,111.8
289,106.6
290,108.3
291,96.7
292,103.7
293,82.5
294,35.9
295,45.5
296,42.7
297,44.6
298,42.0
299,54.4
300,70.9
301,61.9
302,48.6
303,32.3
304,28.3
305,27.7
306,20.4
307,26.9
308,51.3
309,66.3
310,65.0
311,50.4
312,78.7
313,59.1
314,43.4
315,49.7
316,31.8
317,42.4
318,28.8
319,33.6
320,19.4
321,18.8
322,33.0
323,48.4
324,66.5
325,82.7
326,91.8
327,72.5
328,42.6
329,40.6
330,42.9
331,52.8
332,58.9
333,81.3
334,106.9
335,126.0
336,147.9
337,139.8
338,144.0
339,159.4
340,173.5
341,185.9
342,121.9
343,116.0
344,118.7
345,99.4
346,104.5
347,111.0
348,123.5
349,110.6
350,75.6
351,76.4
352,51.6
353,52.1
354,63.6
355,89.7
356,101.0
357,84.6
358,117.4
359,143.8
360,162.8
361,163.4
362,165.6
363,158.7
364,169.8
365,126.2
366,127.4
367,125.2
368,103.4
369,94.6
370,109.3
371,82.7
372,84.0
373,92.8
374,107.8
375,91.8
376,76.2
377,44.3
378,29.1
379,20.5
380,26.5
381,28.8
382,38.4
383,31.4
384,62.3
385,93.2
386,89.2
387,86.6
388,93.3
389,30.4
390,18.6
391,19.0
392,19.2
393,19.0
394,18.7
395,38.5
396,20.3
397,19.8
398,34.9
399,44.0
400,44.9
401,40.2
402,42.7
403,58.2
404,65.0
405,70.9
406,92.0
407,133.8
408,136.4
409,147.2
410,146.6
411,136.9
412,151.5
413,85.1
414,78.5
415,55.0
416,52.3
417,60.8
418,80.4
419,84.0
420,61.8
421,85.4
422,97.7
423,81.8
424,69.8
425,49.1
426,38.4
427,29.6
428,48.1
429,64.9
430,89.5
431,108.4
432,103.0
433,116.1
434,110.5
435,127.2
436,122.3
437,33.7
438,18.9
439,22.4
440,43.8
441,53.4
442,44.5
443,38.7
444,48.6
445,54.9
446,67.1
447,73.9
448,58.9
449,19.3
450,18.7
451,19.1
452,27.0
453,51.9
454,50.4
455,62.3
456,46.8
457,56.8
458,65.1
459,66.5
460,61.9
461,26.2
462,19.0
463,19.3
464,28.6
465,23.9
466,24.5
467,22.3
468,25.0
469,34.7
470,50.1
471,59.7
472,59.9
473,34.3
474,22.7
475,19.4
476,20.9
477,58.6
478,118.4
479,71.4
480,65.4
481,88.3
482,82.7
483,71.3
484,73.9
485,26.1
486,35.6
487,50.8
488,54.1
489,56.1
490,62.8
491,56.6
492,91.8
493,87.9
494,87.1
495,75.7
496,45.1
497,34.5
498,21.3
499,41.7
500,37.8
501,56.0
502,69.2
503,81.8
504,86.4
505,83.3
506,78.9
507,85.7
508,94.7
509,104.4
510,89.2
511,97.3
512,91.2
513,78.5
514,53.3
515,87.7
516,119.6
517,88.2
518,78.0
519,77.1
520,73.9
521,84.1
522,81.8
523,79.2
524,103.5
525,118.2
526,130.4
527,142.7
528,160.4
529,173.0
530,182.0
531,176.5
532,169.4
533,159.6
534,155.5
535,155.8
536,141.1
537,116.7
538,84.2
539,81.4
540,107.4
541,102.8
542,119.1
543,126.3
544,77.1
545,85.5
546,106.6
547,91.0
548,124.8
549,131.3
550,156.5
551,140.9
552,154.7
553,150.2
554,142.4
555,137.8
556,119.0
557,36.4
558,39.8
559,29.1
560,38.9
561,43.8
562,50.5
563,55.4
564,52.8
565,41.6
566,30.1
567,29.3
568,26.7
569,22.1
570,21.4
571,23.2
572,35.3
573,50.6
574,82.7
575,100.2
576,128.1
577,177.2
578,135.8
579,141.3
580,111.2
581,50.9
582,35.5
583,26.5
584,35.1
585,37.4
586,35.7
587,25.4
588,22.9
589,25.6
590,18.6
591,18.6
592,28.7
593,29.6
594,25.8
595,33.0
596,62.8
597,80.0
598,105.7
599,87.5
600,104.7
601,126.9
602,133.5
603,124.3
604,117.4
605,77.7
606,64.4
607,51.4
608,50.3
609,48.9
610,56.0
611,49.5
612,35.4
613,43.4
614,47.9
615,52.1
616,49.8
617,44.5
618,36.9
619,42.2
620,54.7
621,61.4
622,31.6
623,39.0
624,35.7
625,37.0
626,36.2
627,41.3
628,25.3
629,20.9
630,23.5
631,19.9
632,25.4
633,34.3
634,42.2
635,46.4
636,58.3
637,72.1
638,71.4
639,57.7
640,43.5
641,19.3
642,18.9
643,17.5
644,25.7
645,21.6
646,55.6
647,34.6
648,39.1
649,40.5
650,40.5
651,46.2
652,34.7
653,21.5
654,30.6
655,39.9
656,36.1
657,41.2
658,60.7
659,61.1
660,90.8
661,112.5
662,113.7
663,112.7
664,79.0
665,76.3
666,76.8
667,90.8
668,111.3
669,103.3
670,69.0
671,57.1
672,65.5
673,55.0
674,56.7
675,66.0
676,75.6
677,81.9
678,67.1
679,59.8
680,65.8
681,68.3
682,60.8
683,52.4
684,42.4
685,55.8
686,55.6
687,62.4
688,71.6
689,51.2
690,40.2
691,45.5
692,55.4
693,56.6
694,45.1
695,35.5
696,37.0
697,46.3
698,53.0
699,51.8
700,48.5
701,44.5
702,31.4
703,31.7
704,27.1
705,90.4
706,90.4
707,109.0
708,101.5
709,70.5
710,65.8
711,39.4
712,76.5
713,76.7
714,83.6
715,99.3
716,114.9
717,107.3
718,117.9
719,79.2
720,75.2
721,89.3
722,78.5
723,79.6
724,89.7
725,40.7
726,33.6
727,35.4
728,31.8
729,42.4
730,36.6
731,28.1
732,31.0
733,33.1
734,32.6
735,29.0
736,26.5
737,30.1
738,30.4
739,52.4
740,69.3
741,86.3
742,86.7
743,87.7
744,90.2
745,100.0
746,100.0
747,102.9
748,123.0
749,106.5
750,74.7
751,62.6
752,50.7
753,42.8
754,49.1
755,56.0
756,44.9
757,43.9
758,55.2
759,60.3
760,51.1
761,51.9
762,51.2
763,50.4
764,48.8
765,55.4
766,41.4
767,52.0
768,56.3
769,56.4
770,54.4
771,53.5
772,40.0
773,47.9
774,31.5
775,26.0
776,21.5
777,26.5
778,31.0
779,52.3
780,37.3
781,41.7
782,49.8
783,58.4
784,69.4
785,72.7
786,74.4
787,96.4
788,130.0
789,107.0
790,102.1
791,75.2
792,107.6
793,115.6
794,117.6
795,105.2
796,107.1
797,100.5
798,52.6
799,48.6
800,70.9
801,68.0
802,78.4
803,72.3
804,71.5
805,81.1
806,57.1
807,51.7
808,30.4
809,45.6
810,38.8
811,46.8
812,95.8
813,119.5
814,65.5
815,66.0
816,65.6
817,64.4
818,67.1
819,70.0
820,55.8
821,68.4
822,45.2
823,36.3
824,42.6
825,65.0
826,64.6
827,58.0
828,70.5
829,63.9
830,52.9
831,44.9
832,48.3
833,51.3
834,41.8
835,50.1
836,65.5
837,59.5
838,46.4
839,35.2
840,38.0
841,38.9
842,48.0
843,56.8
844,48.7
845,39.5
846,42.3
847,41.9
848,45.7
849,29.9
850,41.6
851,38.0
852,41.0
853,43.8
854,43.5
855,54.9
856,64.7
857,45.1
858,38.8
859,47.3
860,49.0
861,51.9
862,45.3
863,44.2
864,43.3
865,39.2
866,38.8
867,38.6
868,43.1
869,39.1
870,36.5
871,45.2
872,52.5
873,55.5
874,62.6
875,58.5
876,51.6
877,52.9
878,61.3
879,65.5
880,59.2
881,42.0
882,40.4
883,51.9
884,58.7
885,56.5
886,55.3
887,52.1
888,51.5
889,50.1
890,46.8
891,40.8
892,52.4
893,48.6
894,53.6
895,46.4
896,38.2
897,30.6
898,39.7
899,54.1
900,69.1
901,74.9
902,74.7
903,74.4
904,70.5
905,53.1
906,43.9
907,53.0
908,71.0
909,61.2
910,54.7
911,65.6
912,72.1
913,76.9
914,78.6
915,68.0
916,80.0
917,74.5
918,22.3
919,23.8
920,21.6
921,25.9
922,31.5
923,38.7
924,49.2
925,52.7
926,56.3
927,55.2
928,52.2
929,39.1
930,43.2
931,45.9
932,80.0
933,86.1
934,59.4
935,43.2
936,53.9
937,68.7
938,63.0
939,59.0
940,58.6
941,55.6
942,30.5
943,26.0
944,25.5
945,31.7
946,49.0
947,52.1
948,58.1
949,51.3
950,58.5
951,46.7
952,57.1
953,37.6
954,30.6
955,47.7
956,98.9
957,123.4
958,123.7
959,149.9
960,140.9
961,130.3
962,125.4
963,105.9
964,102.7
965,90.4
966,57.4
967,59.7
968,65.6
969,96.9
970,111.8
971,96.5
972,97.7
973,84.4
974,67.4
975,62.2
976,61.2
977,53.2
978,43.0
979,64.4
980,102.1
981,91.7
982,79.8
983,101.9
984,109.2
985,107.0
986,102.6
987,90.3
988,70.2
989,60.5
990,33.2
991,28.4
992,23.7
993,26.0
994,31.4
995,43.0
996,46.1
997,53.2
998,59.0
999,50.4
1000,59.5
1001,51.5
1002,50.0
1003,70.8
1004,108.1
1005,105.9
1006,96.0
1007,126.2
1008,155.5
1009,163.6
1010,163.2
1011,177.4
1012,154.8
1013,146.5
1014,85.8
1015,76.2
1016,56.1
1017,55.7
1018,97.6
1019,83.1
1020,79.2
1021,77.1
1022,100.8
1023,118.0
1024,94.5
1025,75.0
1026,48.1
1027,49.9
1028,53.7
1029,38.7
1030,39.7
1031,59.8
1032,79.5
1033,75.8
1034,79.8
1035,75.2
1036,72.4
1037,72.3
1038,60.8
1039,56.2
1040,63.1
1041,67.1
1042,66.5
1043,70.2
1044,71.3
1045,68.8
1046,58.8
1047,61.2
1048,60.2
1049,48.9
1050,41.0
1051,42.3
1052,42.3
1053,48.7
1054,52.2
1055,53.8
1056,55.0
1057,55.3
1058,60.0
1059,54.1
1060,56.4
1061,52.9
1062,47.6
1063,51.6
1064,52.4
1065,58.7
1066,58.8
1067,63.7
1068,76.2
1069,70.6
1070,67.9
1071,60.9
1072,50.0
1073,55.8
1074,36.3
1075,37.2
1076,44.5
1077,47.3
1078,36.4
1079,29.8
1080,52.6
1081,68.9
1082,79.7
1083,87.5
1084,111.4
1085,92.4
1086,32.4
1087,37.5
1088,31.3
1089,58.1
1090,80.9
1091,83.9
1092,86.7
1093,78.4
1094,64.9
1095,53.3
1096,53.9
1097,62.5
1098,52.5
1099,53.5
1100,55.2
1101,57.7
1102,63.5
1103,50.7
1104,53.7
1105,63.5
1106,69.7
1107,59.4
1108,58.3
1109,79.8
1110,53.2
1111,53.3
1112,58.3
1113,62.2
1114,71.6
1115,67.9
1116,66.9
1117,71.2
1118,60.3
1119,51.7
1120,45.5
1121,55.6
1122,52.4
1123,49.0
1124,51.8
1125,53.4
1126,61.0
1127,51.5
1128,46.3
1129,44.1
1130,45.2
1131,42.4
1132,44.1
1133,52.3
1134,47.6
1135,44.2
1136,42.0
1137,46.9
1138,45.1
1139,39.3
1140,39.4
1141,41.6
1142,40.7
1143,36.6
1144,47.6
1145,42.4
1146,32.0
1147,38.5
1148,39.8
1149,42.1
1150,46.8
1151,40.9
1152,43.7
1153,49.4
1154,58.8
1155,67.3
1156,70.5
1157,70.1
1158,74.6
1159,67.8
1160,63.3
1161,51.9
1162,51.2
1163,55.4
1164,49.6
1165,47.9
1166,45.9
1167,41.8
1168,39.7
1169,38.2
1170,41.2
1171,45.3
1172,49.5
1173,56.5
1174,50.5
1175,38.4
1176,45.6
1177,43.7
1178,42.8
1179,40.0
1180,40.2
1181,37.0
1182,34.8
1183,31.4
1184,37.8
1185,42.9
1186,46.9
1187,49.2
1188,49.8
1189,48.6
1190,44.2
1191,42.4
1192,46.4
1193,48.3
1194,45.2
1195,49.8
1196,55.9
1197,64.4
1198,72.6
1199,59.6
1200,55.5
1201,61.3
1202,57.1
1203,47.3
1204,43.2
1205,43.0
1206,44.7
1207,45.0
1208,41.9
1209,44.2
1210,45.9
1211,45.4
1212,41.8
1213,39.0
1214,40.9
1215,34.7
1216,32.5
1217,36.4
1218,33.8
1219,32.4
1220,30.8
1221,37.6
1222,40.2
1223,39.3
1224,36.8
1225,36.9
1226,37.9
1227,39.9
1228,43.5
1229,50.1
1230,41.9
1231,31.5
1232,34.2
1233,41.2
1234,48.6
1235,49.9
1236,48.0
1237,45.3
1238,46.8
1239,41.7
1240,42.7
1241,50.6
1242,52.4
1243,47.4
1244,55.3
1245,47.8
1246,28.1
1247,27.2
1248,32.1
1249,39.7
1250,43.2
1251,53.1
1252,55.2
1253,47.3
1254,56.7
1255,48.8
1256,70.3
1257,54.1
1258,60.8
1259,54.0
1260,59.0
1261,53.2
1262,59.0
1263,56.2
1264,54.1
1265,45.5
1266,39.1
1267,44.2
1268,50.7
1269,49.3
1270,35.7
1271,31.6
1272,38.7
1273,49.8
1274,55.7
1275,53.4
1276,64.8
1277,44.1
1278,46.8
1279,62.3
1280,43.7
1281,50.5
1282,63.7
1283,59.3
1284,63.7
1285,69.2
1286,73.2
1287,78.2
1288,67.7
1289,45.9
1290,39.8
1291,75.3
1292,96.4
1293,100.1
1294,82.2
1295,85.5
1296,81.9
1297,77.9
1298,71.1
1299,66.7
1300,67.8
1301,69.6
1302,58.0
1303,29.4
1304,33.4
1305,37.2
1306,41.0
1307,40.9
1308,40.5
1309,35.7
1310,27.6
1311,21.8
1312,21.2
1313,24.4
1314,22.0
1315,22.9
1316,22.6
1317,24.0
1318,26.2
1319,22.3
1320,20.3
1321,20.2
1322,19.8
1323,21.0
1324,19.6
1325,20.7
1326,22.4
1327,21.2
1328,20.9
1329,24.8
1330,26.3
1331,27.4
1332,29.8
1333,29.7
1334,27.0
1335,28.3
1336,30.6
1337,28.2
1338,32.6
1339,36.9
1340,40.3
1341,45.3
1342,44.6
1343,46.1
1344,70.1
1345,96.0
1346,122.7
1347,133.3
1348,144.5
1349,130.4
1350,122.8
1351,113.7
1352,116.5
1353,107.3
1354,116.1
1355,111.2
1356,99.9
1357,89.3
1358,84.6
1359,91.8
1360,73.0
1361,54.8
1362,76.0
1363,109.6
1364,130.1
1365,139.8
1366,142.2
1367,112.5
1368,120.9
1369,101.5
1370,116.4
1371,118.1
1372,115.2
1373,137.5
1374,112.1
1375,108.4
1376,98.0
1377,94.8
1378,93.8
1379,79.2
1380,74.4
1381,72.3
1382,78.5
1383,106.2
1384,105.3
1385,81.3
1386,89.3
1387,81.4
1388,83.7
1389,90.0
1390,129.2
1391,120.8
1392,122.6
1393,128.7
1394,143.7
1395,140.9
1396,136.6
1397,85.3
1398,54.0
1399,74.3
1400,96.3
1401,110.8
1402,103.4
1403,91.2
1404,80.5
1405,81.8
1406,81.9
1407,83.3
1408,65.9
1409,59.8
1410,39.9
1411,34.3
1412,44.5
1413,30.0
1414,21.0
1415,33.7
1416,20.1
1417,33.4
1418,69.1
1419,90.6
1420,94.1
1421,103.3
1422,89.3
1423,75.6
1424,80.4
1425,93.3
1426,122.6
1427,111.2
1428,110.1
1429,114.7
1430,107.4
1431,91.2
1432,31.7
1433,53.8
1434,45.0
1435,43.6
1436,95.8
1437,87.6
1438,95.3
1439,76.0
1440,60.9
1441,51.1
1442,63.9
1443,55.3
1444,40.0
1445,49.5
1446,45.9
1447,55.2
1448,75.7
1449,111.5
1450,112.8
1451,109.3
1452,105.1
1453,100.7
1454,93.1
1455,70.0
1456,23.6
1457,24.9
1458,22.6
1459,36.3
1460,43.5
1461,54.4
1462,86.9
1463,68.4
1464,72.0
1465,87.2
1466,95.1
1467,90.6
1468,60.1
1469,40.7
1470,21.1
1471,50.8
1472,62.6
1473,96.3
1474,72.4
1475,67.1
1476,93.2
1477,102.2
1478,90.2
1479,75.0
1480,32.0
1481,19.5
1482,19.5
1483,38.8
1484,59.4
1485,79.7
1486,94.8
1487,98.3
1488,104.2
1489,131.1
1490,111.0
1491,111.7
1492,92.5
1493,71.4
1494,44.0
1495,59.8
1496,96.7
1497,116.3
1498,110.0
1499,104.6
1500,110.8
1501,106.4
1502,93.8
1503,76.9
1504,64.5
1505,40.0
1506,59.7
1507,81.6
1508,116.6
1509,111.7
1510,125.8
1511,113.6
1512,136.8
1513,139.6
1514,138.5
1515,136.9
1516,146.0
1517,133.7
1518,129.7
1519,132.5
1520,122.5
1521,105.8
1522,97.7
1523,98.9
1524,102.5
1525,89.5
1526,98.8
1527,102.3
1528,87.2
1529,84.3
1530,88.8
1531,113.9
1532,136.8
1533,138.0
1534,137.8
1535,181.3
1536,202.6
1537,177.6
1538,161.3
1539,151.4
1540,152.7
1541,163.7
1542,162.9
1543,159.5
1544,80.5
1545,120.1
1546,118.5
1547,118.5
1548,114.5
1549,104.3
1550,107.5
1551,94.3
1552,114.3
1553,77.3
1554,99.9
1555,115.3
1556,157.8
1557,156.3
1558,185.5
1559,141.2
1560,167.5
1561,190.1
1562,180.9
1563,161.6
1564,143.9
1565,93.3
1566,52.8
1567,53.2
1568,46.4
1569,69.6
1570,103.9
1571,106.2
1572,108.2
1573,110.2
1574,102.2
1575,73.3
1576,38.2
1577,21.8
1578,21.5
1579,43.6
1580,65.9
1581,85.1
1582,117.9
1583,101.9
1584,87.6
1585,96.7
1586,77.5
1587,80.7
1588,85.1
1589,46.9
1590,34.3
1591,52.5
1592,66.4
1593,85.1
1594,90.1
1595,91.6
1596,97.6
1597,97.3
1598,96.4
1599,92.1
1600,59.2
1601,47.1
1602,42.5
1603,63.8
1604,85.1
1605,86.0
1606,70.0
1607,137.9
1608,123.8
1609,139.9
1610,126.0
1611,128.1
1612,114.0
1613,54.5
1614,40.0
1615,62.6
1616,91.9
1617,119.4
1618,132.4
1619,124.0
1620,118.9
1621,118.5
1622,99.3
1623,86.8
1624,48.7
1625,42.5
1626,49.2
1627,79.1
1628,80.7
1629,94.0
1630,92.6
1631,113.7
1632,143.6
1633,142.9
1634,136.1
1635,133.2
1636,114.6
1637,106.0
1638,101.2
1639,97.4
1640,99.7
1641,109.4
1642,109.8
1643,104.3
1644,113.5
1645,122.0
1646,124.8
1647,124.1
1648,80.5
1649,52.5
1650,55.2
1651,68.0
1652,99.5
1653,90.2
1654,74.4
1655,51.8
1656,35.4
1657,27.5
1658,24.5
1659,38.3
1660,64.5
1661,60.5
1662,69.8
1663,66.9
1664,75.0
1665,89.7
1666,91.1
1667,89.2
1668,85.8
1669,88.0
1670,87.0
1671,82.8
1672,69.7
1673,53.6
1674,45.8
1675,56.4
1676,74.8
1677,67.4
1678,69.7
1679,32.8
1680,44.6
1681,47.7
1682,48.3
1683,43.1
1684,48.3
1685,60.5
1686,61.7
1687,60.9
1688,70.9
1689,69.2
1690,98.1
1691,99.4
1692,109.0
1693,113.5
1694,120.0
1695,111.8
1696,62.8
1697,40.8
1698,52.9
1699,54.2
1700,68.0
1701,80.8
1702,87.5
1703,71.7
1704,76.3
1705,70.3
1706,83.4
1707,85.9
1708,79.3
1709,67.2
1710,89.3
1711,91.2
1712,90.4
1713,87.4
1714,89.8
1715,86.8
1716,94.6
1717,93.5
1718,92.4
1719,88.8
1720,96.3
1721,62.2
1722,46.1
1723,43.9
1724,57.6
1725,75.8
1726,105.1
1727,88.6
1728,106.6
1729,115.4
1730,121.1
1731,130.7
1732,131.1
1733,99.2
1734,84.6
1735,82.4
1736,85.9
1737,108.3
1738,146.8
1739,115.8
1740,154.7
1741,134.5
1742,120.1
1743,78.8
1744,80.4
1745,29.4
1746,31.4
1747,68.8
1748,90.8
1749,110.0
1750,153.1
1751,151.3
1752,151.3
1753,149.9
1754,142.4
1755,110.5
1756,100.8
1757,61.1
1758,78.3
1759,84.7
1760,93.4
1761,80.2
1762,74.9
1763,58.8
1764,60.3
1765,50.8
1766,45.5
1767,29.3
1768,24.6
1769,22.5
1770,24.8
1771,50.1
1772,78.4
1773,95.3
1774,137.8
1775,140.7
1776,159.6
1777,154.4
1778,152.3
1779,140.2
1780,126.1
1781,70.7
1782,51.8
1783,73.8
1784,82.6
1785,93.6
1786,92.5
1787,50.0
1788,40.6
1789,33.5
1790,50.7
1791,36.3
1792,29.4
1793,34.3
1794,42.3
1795,49.0
1796,59.0
1797,72.2
1798,59.8
1799,69.5
1800,77.4
1801,72.8
1802,84.7
1803,88.6
1804,87.9
1805,82.4
1806,74.2
1807,65.7
1808,59.9
1809,79.1
1810,59.0
1811,61.6
1812,68.3
1813,61.3
1814,57.9
1815,41.9
1816,29.8
1817,20.9
1818,35.5
1819,67.6
1820,105.4
1821,124.9
1822,127.0
1823,145.8
1824,171.7
1825,170.6
1826,155.7
1827,140.8
1828,122.2
1829,83.6
1830,75.8
1831,77.8
1832,79.0
1833,90.7
1834,96.1
1835,116.9
1836,99.6
1837,74.5
1838,81.3
1839,79.8
1840,55.4
1841,46.3
1842,52.4
1843,61.7
1844,64.6
1845,87.8
1846,86.7
1847,97.0
1848,93.8
1849,102.1
1850,103.8
1851,98.5
1852,104.9
1853,113.4
1854,109.2
1855,107.0
1856,99.8
1857,97.1
1858,85.0
1859,92.6
1860,87.6
1861,79.3
1862,73.4
1863,55.7
1864,58.0
1865,52.1
1866,25.8
1867,27.7
1868,40.6
1869,42.8
1870,40.2
1871,57.5
1872,52.5
1873,49.2
1874,50.3
1875,49.9
1876,50.0
1877,44.9
1878,34.7
1879,39.0
1880,43.1
1881,46.6
1882,41.7
1883,47.0
1884,48.4
1885,44.9
1886,54.0
1887,53.4
1888,47.8
1889,44.6
1890,16.5
1891,15.4
1892,28.1
1893,47.2
1894,33.3
1895,51.5
1896,61.3
1897,80.8
1898,90.8
1899,103.3
1900,57.2
1901,36.4
1902,41.8
1903,59.5
1904,77.7
1905,93.4
1906,113.0
1907,118.7
1908,113.9
1909,131.7
1910,133.3
1911,113.9
1912,73.6
1913,18.4
1914,18.3
1915,53.6
1916,70.1
1917,92.0
1918,133.5
1919,141.5
1920,147.1
1921,159.1
1922,150.5
1923,125.0
1924,118.1
1925,65.5
1926,55.4
1927,79.3
1928,111.1
1929,138.7
1930,113.6
1931,97.9
1932,106.0
1933,112.7
1934,113.4
1935,84.1
1936,41.0
1937,22.8
1938,17.6
1939,17.4
1940,19.7
1941,42.1
1942,62.5
1943,119.2
1944,144.0
1945,141.8
1946,153.3
1947,143.3
1948,80.9
1949,48.6
1950,49.6
1951,65.4
1952,102.0
1953,110.6
1954,121.8
1955,106.8
1956,119.3
1957,131.9
1958,138.6
1959,110.2
1960,45.1
1961,18.7
1962,17.5
1963,36.6
1964,56.0
1965,42.6
1966,73.2
1967,138.9
1968,163.8
1969,179.9
1970,197.1
1971,169.2
1972,127.9
1973,76.6
1974,59.8
1975,67.1
1976,88.5
1977,105.1
1978,102.2
1979,94.4
1980,89.5
1981,115.4
1982,120.0
1983,106.6
1984,75.9
1985,31.3
1986,26.7
1987,64.3
1988,87.7
1989,113.5
1990,130.0
1991,158.0
1992,167.5
1993,185.5
1994,201.1
1995,176.3
1996,146.2
1997,77.3
1998,60.1
1999,80.8
2000,100.9
2001,84.4
2002,91.0
2003,74.0
2004,80.6
2005,99.6
2006,118.8
2007,123.7
2008,135.9
2009,116.9
2010,76.7
2011,94.9
2012,92.2
2013,117.5
2014,101.9
2015,121.3
2016,164.2
2017,147.1
2018,137.5
2019,127.4
2020,128.3
2021,110.6
2022,105.1
2023,87.4
2024,78.4
2025,83.3
2026,81.8
2027,79.5
2028,79.7
2029,82.3
2030,94.2
2031,114.8
2032,112.5
2033,95.1
2034,98.4
2035,129.4
2036,145.1
2037,135.5
2038,128.9
2039,155.4
2040,173.6
2041,180.9
2042,175.1
2043,174.9
2044,161.9
2045,146.0
2046,130.2
2047,142.5
2048,122.3
2049,111.0
2050,99.2
2051,86.5
2052,96.0
2053,98.8
2054,106.9
2055,116.1
2056,112.7
2057,97.9
2058,96.3
2059,86.8
2060,83.8
2061,105.5
2062,102.3
2063,130.7
2064,131.4
2065,140.8
2066,142.1
2067,133.0
2068,69.7
2069,38.8
2070,45.7
2071,66.2
2072,91.8
2073,109.0
2074,96.1
2075,109.2
2076,104.8
2077,97.5
2078,107.7
2079,114.6
2080,86.3
2081,68.3
2082,63.7
2083,66.9
2084,92.6
2085,91.4
2086,117.7
2087,140.9
2088,134.2
2089,144.7
2090,145.6
2091,119.8
2092,79.4
2093,72.2
2094,65.5
2095,61.6
2096,58.2
2097,66.8
2098,60.5
2099,70.2
2100,72.9
2101,63.6
2102,73.8
2103,51.9
2104,51.8
2105,44.5
2106,43.5
2107,55.7
2108,73.5
2109,76.9
2110,100.6
2111,128.0
2112,179.1
2113,156.4
2114,143.5
2115,112.4
2116,91.1
2117,51.7
2118,51.5
2119,50.2
2120,59.0
2121,59.5
2122,57.1
2123,61.5
2124,64.5
2125,84.4
2126,113.2
2127,88.7
2128,67.8
2129,58.5
2130,57.6
2131,75.0
2132,107.8
2133,48.4
2134,56.1
2135,73.4
2136,75.6
2137,67.3
2138,73.2
2139,67.7
2140,81.5
2141,61.1
2142,41.9
2143,43.0
2144,33.8
2145,35.1
2146,30.6
2147,34.9
2148,49.3
2149,48.0
2150,57.3
2151,45.1
2152,29.7
2153,43.4
2154,25.5
2155,16.0
2156,14.7
2157,27.5
2158,43.3
2159,56.1
2160,56.4
2161,54.7
2162,33.6
2163,18.9
2164,30.9
2165,25.7
2166,29.0
2167,23.9
2168,26.1
2169,22.2
2170,19.3
2171,22.4
2172,25.2
2173,36.0
2174,47.8
2175,47.3
2176,43.3
2177,45.1
2178,40.7
2179,44.2
2180,45.1
2181,44.0
2182,44.5
2183,57.2
2184,64.6
2185,83.0
2186,81.8
2187,86.9
2188,83.5
2189,95.3
2190,70.9
2191,59.6
2192,43.3
2193,44.3
2194,36.0
2195,40.2
2196,36.4
2197,48.9
2198,44.2
2199,67.0
2200,67.3
2201,79.1
2202,67.9
2203,60.6
2204,70.4
2205,68.1
2206,69.0
2207,85.0
2208,96.8
2209,124.7
2210,140.6
2211,146.8
2212,125.2
2213,111.9
2214,90.5
2215,92.0
2216,87.6
2217,73.4
2218,65.4
2219,78.6
2220,64.6
2221,71.3
2222,66.5
2223,77.4
2224,65.5
2225,58.1
2226,52.8
2227,45.2
2228,32.6
2229,27.6
2230,47.4
2231,73.3
2232,84.0
2233,89.9
2234,91.9
2235,55.6
2236,17.3
2237,18.1
2238,18.7
2239,19.4
2240,20.8
2241,22.9
2242,32.0
2243,45.0
2244,65.9
2245,56.6
2246,67.8
2247,48.6
2248,27.0
2249,18.2
2250,17.8
2251,17.1
2252,16.0
2253,48.3
2254,26.1
2255,61.6
2256,28.0
2257,24.1
2258,34.5
2259,32.3
2260,31.9
2261,31.4
2262,33.3
2263,26.9
2264,32.9
2265,52.1
2266,78.3
2267,82.4
2268,90.2
2269,77.5
2270,84.9
2271,113.7
2272,97.2
2273,69.4
2274,72.4
2275,78.9
2276,77.6
2277,72.1
2278,39.0
2279,50.4
2280,52.3
2281,56.9
2282,56.0
2283,45.5
2284,37.2
2285,17.7
2286,17.6
2287,18.2
2288,21.2
2289,26.6
2290,53.1
2291,50.7
2292,39.2
2293,53.3
2294,59.4
2295,60.0
2296,67.4
2297,60.8
2298,38.9
2299,28.2
2300,31.4
2301,23.9
2302,29.4
2303,32.9
2304,33.5
2305,39.1
2306,43.5
2307,46.8
2308,47.6
2309,38.7
2310,38.5
2311,39.9
2312,50.3
2313,50.5
2314,42.4
2315,43.1
2316,41.2
2317,41.8
2318,43.9
2319,54.8
2320,59.7
2321,63.5
2322,46.1
2323,41.7
2324,47.4
2325,50.9
2326,36.7
2327,37.2
2328,33.4
2329,39.6
2330,40.8
2331,50.2
2332,48.5
2333,42.5
2334,33.9
2335,22.3
2336,18.8
2337,25.2
2338,32.1
2339,44.0
2340,65.9
2341,79.9
2342,63.6
2343,56.8
2344,65.5
2345,51.1
2346,48.2
2347,83.5
2348,98.9
2349,90.5
2350,78.0
2351,74.2
2352,59.9
2353,58.4
2354,47.1
2355,47.6
2356,49.1
2357,38.0
2358,26.4
2359,17.0
2360,18.7
2361,24.1
2362,54.4
2363,57.7
2364,38.3
2365,41.9
2366,41.0
2367,35.1
2368,40.0
2369,52.2
2370,32.1
2371,23.0
2372,17.7
2373,16.4
2374,40.1
2375,28.9
2376,39.2
2377,36.6
2378,30.7
2379,28.9
2380,31.2
2381,28.7
2382,32.9
2383,39.8
2384,35.1
2385,51.9
2386,55.2
2387,55.9
2388,50.5
2389,46.2
2390,37.0
2391,50.1
2392,80.7
2393,84.5
2394,83.2
2395,97.3
2396,105.5
2397,105.2
2398,99.5
2399,132.1
2400,145.4
2401,138.0
2402,148.3
2403,124.9
2404,81.4
2405,31.6
2406,44.2
2407,82.8
2408,109.5
2409,96.7
2410,101.9
2411,93.7
2412,81.6
2413,85.0
2414,93.0
2415,92.7
2416,51.4
2417,34.5
2418,61.0
2419,82.8
2420,112.1
2421,113.2
2422,57.7
2423,87.8
2424,78.2
2425,72.7
2426,69.9
2427,74.0
2428,68.4
2429,57.8
2430,65.8
2431,65.8
2432,62.7
2433,70.1
2434,53.2
2435,55.2
2436,55.9
2437,59.9
2438,65.6
2439,78.1
2440,61.9
2441,51.3
2442,52.0
2443,49.5
2444,60.7
2445,40.3
2446,55.9
2447,72.4
2448,104.5
2449,105.0
2450,109.7
2451,116.2
2452,86.6
2453,64.0
2454,51.1
2455,54.8
2456,70.0
2457,80.4
2458,76.4
2459,79.8
2460,77.3
2461,67.0
2462,74.7
2463,87.4
2464,60.3
2465,38.4
2466,40.9
2467,56.2
2468,71.7
2469,83.4
2470,81.5
2471,113.6
2472,92.0
2473,85.9
2474,86.2
2475,89.4
2476,72.1
2477,67.3
2478,60.1
2479,77.8
2480,84.4
2481,81.6
2482,77.8
2483,78.6
2484,76.4
2485,67.9
2486,72.1
2487,59.7
2488,61.8
2489,43.0
2490,41.8
2491,56.4
2492,64.3
2493,89.0
2494,97.3
2495,98.7
2496,89.4
2497,85.3
2498,82.7
2499,79.8
2500,87.4
2501,77.1
2502,77.2
2503,81.2
2504,70.9
2505,65.4
2506,65.2
2507,67.2
2508,68.1
2509,66.5
2510,69.0
2511,78.3
2512,68.0
2513,53.0
2514,59.7
2515,87.1
2516,76.1
2517,79.6
2518,76.5
2519,84.2
2520,101.0
2521,87.2
2522,86.6
2523,78.9
2524,70.3
2525,72.0
2526,72.6
2527,74.4
2528,50.9
2529,52.8
2530,50.1
2531,42.4
2532,38.8
2533,44.4
2534,39.8
2535,42.7
2536,54.8
2537,51.2
2538,53.3
2539,62.4
2540,72.9
2541,85.8
2542,55.1
2543,66.4
2544,40.9
2545,37.6
2546,44.5
2547,42.9
2548,51.2
2549,48.1
2550,51.4
2551,56.0
2552,44.8
2553,50.3
2554,46.5
2555,41.0
2556,34.5
2557,27.3
2558,25.3
2559,37.7
2560,24.8
2561,37.8
2562,35.2
2563,43.3
2564,47.8
2565,49.6
2566,29.6
2567,16.9
2568,12.8
2569,13.2
2570,12.7
2571,12.9
2572,16.4
2573,22.9
2574,46.0
2575,58.2
2576,49.8
2577,51.3
2578,47.6
2579,43.5
2580,42.4
2581,36.6
2582,24.8
2583,26.8
2584,29.7
2585,46.5
2586,47.8
2587,56.9
2588,67.0
2589,65.4
2590,77.2
2591,72.7
2592,91.8
2593,82.4
2594,77.8
2595,65.0
2596,47.6
2597,17.9
2598,16.7
2599,45.9
2600,62.1
2601,68.9
2602,65.1
2603,75.9
2604,70.7
2605,63.8
2606,67.5
2607,50.8
2608,46.9
2609,25.5
2610,29.6
2611,51.1
2612,52.8
2613,54.0
2614,53.6
2615,50.4
2616,47.8
2617,53.3
2618,34.4
2619,37.3
2620,48.6
2621,26.3
2622,43.8
2623,65.3
2624,67.5
2625,78.4
2626,82.5
2627,86.2
2628,78.5
2629,74.2
2630,64.4
2631,50.4
2632,42.0
2633,19.9
2634,18.2
2635,27.7
2636,40.6
2637,43.5
2638,41.7
2639,48.6
2640,51.5
2641,42.9
2642,39.4
2643,29.3
2644,33.9
2645,22.1
2646,19.6
2647,32.0
2648,44.6
2649,62.2
2650,67.6
2651,74.3
2652,75.2
2653,69.5
2654,61.5
2655,37.5
2656,24.2
2657,19.7
2658,19.8
2659,34.2
2660,29.7
2661,46.9
2662,62.7
2663,79.2
2664,73.9
2665,60.4
2666,70.8
2667,59.2
2668,54.0
2669,34.3
2670,42.2
2671,56.6
2672,64.8
2673,62.3
2674,56.0
2675,66.3
2676,68.8
2677,67.9
2678,63.3
2679,50.3
2680,33.8
2681,33.8
2682,43.6
2683,40.6
2684,39.4
2685,48.3
2686,59.6
2687,52.5
2688,61.5
2689,66.5
2690,61.9
2691,55.8
2692,46.9
2693,56.2
2694,60.7
2695,39.4
2696,28.6
2697,39.3
2698,42.1
2699,46.6
2700,51.0
2701,46.0
2702,56.2
2703,62.9
2704,75.1
2705,75.2
2706,74.2
2707,70.7
2708,53.9
2709,55.9
2710,45.6
2711,40.6
2712,41.7
2713,45.0
2714,40.3
2715,48.5
2716,44.2
2717,45.5
2718,48.3
2719,33.8
2720,23.4
2721,27.7
2722,29.2
2723,30.6
2724,21.1
2725,16.7
2726,15.8
2727,31.5
2728,42.4
2729,53.9
2730,69.6
2731,72.2
2732,90.6
2733,84.9
2734,61.6
2735,63.8
2736,66.6
2737,69.9
2738,72.0
2739,67.9
2740,46.4
2741,32.6
2742,30.8
2743,37.1
2744,45.9
2745,57.0
2746,59.9
2747,85.5
2748,84.9
2749,74.5
2750,60.0
2751,57.8
2752,32.7
2753,16.5
2754,16.3
2755,16.8
2756,22.2
2757,51.8
2758,74.1
2759,76.5
2760,84.9
2761,69.2
2762,74.6
2763,58.9
2764,20.8
2765,18.3
2766,19.1
2767,33.6
2768,50.6
2769,49.2
2770,35.0
2771,40.3
2772,32.4
2773,33.1
2774,39.1
2775,45.6
2776,33.6
2777,18.8
2778,18.8
2779,34.8
2780,65.4
2781,79.5
2782,97.5
2783,114.7
2784,110.9
2785,104.9
2786,94.7
2787,82.7
2788,57.7
2789,19.9
2790,17.5
2791,28.1
2792,54.9
2793,70.3
2794,63.7
2795,61.9
2796,56.2
2797,57.4
2798,54.3
2799,54.9
2800,50.1
2801,22.2
2802,19.8
2803,38.8
2804,88.3
2805,99.0
2806,98.8
2807,116.7
2808,112.8
2809,109.9
2810,109.8
2811,96.5
2812,62.8
2813,16.7
2814,26.9
2815,85.3
2816,98.0
2817,88.1
2818,83.5
2819,80.0
2820,66.8
2821,82.1
2822,85.9
2823,80.4
2824,83.3
2825,39.4
2826,18.3
2827,37.9
2828,49.9
2829,76.3
2830,84.5
2831,94.8
2832,116.5
2833,108.9
2834,93.8
2835,86.5
2836,48.9
2837,21.2
2838,41.9
2839,70.7
2840,99.9
2841,80.7
2842,74.5
2843,84.9
2844,96.6
2845,88.1
2846,85.4
2847,77.0
2848,68.8
2849,24.6
2850,24.7
2851,58.7
2852,76.6
2853,79.7
2854,87.3
2855,70.7
2856,80.7
2857,78.4
2858,77.8
2859,80.5
2860,77.1
2861,65.9
2862,80.3
2863,85.9
2864,86.2
2865,82.2
2866,72.6
2867,63.0
2868,55.9
2869,53.8
2870,42.2
2871,49.3
2872,35.6
2873,40.5
2874,34.0
2875,44.0
2876,46.7
2877,79.7
2878,60.5
2879,56.4
2880,70.2
2881,73.2
2882,65.5
2883,84.6
2884,80.8
2885,78.0
2886,70.8
2887,60.5
2888,50.4
2889,54.3
2890,57.5
2891,52.0
2892,48.5
2893,40.0
2894,39.8
2895,38.2
2896,29.5
2897,37.3
2898,44.5
2899,32.6
2900,26.2
2901,38.7
2902,42.9
2903,59.9
2904,74.5
2905,68.0
2906,59.5
2907,27.4
2908,66.0
2909,26.9
2910,16.6
2911,34.3
2912,54.6
2913,56.4
2914,47.0
2915,42.9
2916,40.2
2917,37.1
2918,36.0
2919,34.0
2920,23.9
2921,18.4
2922,18.1
2923,21.3
2924,24.4
2925,25.4
2926,35.4
2927,33.7
2928,35.3
2929,41.2
2930,42.9
2931,38.9
2932,30.7
2933,21.1
2934,18.0
2935,28.9
2936,38.4
2937,34.8
2938,39.4
2939,39.3
2940,43.8
2941,41.1
2942,39.1
2943,28.0
2944,20.4
2945,17.4
2946,18.1
2947,18.8
2948,19.4
2949,21.6
2950,31.8
2951,33.3
2952,35.0
2953,40.4
2954,38.5
2955,34.8
2956,22.4
2957,18.9
2958,17.5
2959,19.5
2960,29.6
2961,50.0
2962,43.7
2963,52.9
2964,53.9
2965,46.2
2966,46.2
2967,35.4
2968,22.3
2969,17.4
2970,17.4
2971,18.4
2972,16.8
2973,17.9
2974,25.6
2975,29.7
2976,29.7
2977,33.2
2978,33.3
2979,32.4
2980,22.8
2981,19.0
2982,18.5
2983,37.3
2984,48.4
2985,37.3
2986,32.9
2987,34.9
2988,49.4
2989,47.1
2990,41.4
2991,35.5
2992,23.6
2993,18.0
2994,17.6
2995,17.1
2996,17.6
2997,21.9
2998,23.7
2999,25.2
3000,26.4
3001,28.4
3002,29.1
3003,30.9
3004,22.0
3005,17.3
3006,17.0
3007,21.9
3008,36.3
3009,45.0
3010,37.4
3011,46.5
3012,48.6
3013,34.0
3014,29.6
3015,27.5
3016,23.8
3017,18.3
3018,19.0
3019,17.3
3020,18.4
3021,22.6
3022,34.6
3023,26.5
3024,29.6
3025,42.6
3026,45.2
3027,48.9
3028,48.9
3029,38.8
3030,26.4
3031,32.1
3032,42.9
3033,47.4
3034,55.6
3035,45.4
3036,42.6
3037,43.6
3038,36.6
3039,31.9
3040,36.9
3041,35.7
3042,28.0
3043,41.1
3044,45.1
3045,47.5
3046,48.2
3047,63.7
3048,60.8
3049,55.6
3050,50.2
3051,49.7
3052,50.9
3053,49.6
3054,46.9
3055,46.0
3056,47.3
3057,37.9
3058,39.8
3059,37.8
3060,39.0
3061,36.3
3062,32.5
3063,37.4
3064,36.8
3065,19.0
3066,20.2
3067,19.6
3068,38.0
3069,54.7
3070,57.2
3071,54.8
3072,61.9
3073,54.2
3074,56.3
3075,49.3
3076,21.4
3077,16.2
3078,24.3
3079,48.2
3080,55.2
3081,51.3
3082,48.8
3083,52.7
3084,55.0
3085,48.5
3086,50.3
3087,41.7
3088,17.1
3089,15.4
3090,15.1
3091,15.2
3092,19.5
3093,36.0
3094,45.2
3095,54.3
3096,64.0
3097,57.5
3098,52.0
3099,47.5
3100,23.8
3101,17.5
3102,23.7
3103,40.3
3104,44.7
3105,47.1
3106,39.1
3107,37.5
3108,38.3
3109,41.6
3110,46.1
3111,35.9
3112,22.1
3113,16.4
3114,15.9
3115,15.8
3116,15.8
3117,16.1
3118,24.2
3119,49.1
3120,63.7
3121,54.1
3122,49.0
3123,42.4
3124,23.7
3125,19.4
3126,21.4
3127,32.7
3128,40.5
3129,39.4
3130,34.7
3131,31.2
3132,32.8
3133,33.3
3134,32.1
3135,34.9
3136,33.9
3137,22.5
3138,22.2
3139,27.5
3140,28.2
3141,31.1
3142,38.9
3143,36.0
3144,32.1
3145,36.9
3146,44.8
3147,41.4
3148,28.7
3149,20.5
3150,22.6
3151,29.2
3152,33.5
3153,36.2
3154,30.2
3155,39.6
3156,45.6
3157,42.5
3158,40.5
3159,36.2
3160,28.8
3161,16.2
3162,16.9
3163,15.8
3164,15.6
3165,25.1
3166,37.7
3167,39.2
3168,52.6
3169,53.1
3170,51.3
3171,36.8
3172,26.5
3173,15.2
3174,15.4
3175,17.7
3176,25.1
3177,25.5
3178,28.4
3179,32.4
3180,32.8
3181,38.1
3182,39.9
3183,38.0
3184,34.7
3185,19.6
3186,15.2
3187,17.6
3188,16.8
3189,18.0
3190,24.1
3191,38.2
3192,43.5
3193,29.7
3194,44.5
3195,39.4
3196,38.1
3197,34.7
3198,37.4
3199,40.7
3200,36.5
3201,35.3
3202,34.8
3203,33.0
3204,34.0
3205,35.1
3206,35.7
3207,35.6
3208,22.1
3209,15.5
3210,13.7
3211,13.7
3212,18.4
3213,21.6
3214,24.1
3215,25.1
3216,30.4
3217,51.6
3218,50.7
3219,42.8
3220,36.2
3221,31.6
3222,32.6
3223,40.2
3224,37.6
3225,34.8
3226,32.6
3227,32.0
3228,33.9
3229,33.0
3230,33.5
3231,34.0
3232,20.4
3233,18.0
3234,17.3
3235,16.0
3236,15.2
3237,18.9
3238,24.2
3239,35.9
3240,42.1
3241,37.1
3242,31.3
3243,17.6
3244,18.5
3245,16.8
3246,19.4
3247,18.7
3248,23.2
3249,22.8
3250,28.4
3251,27.7
3252,27.4
3253,25.2
3254,21.0
3255,20.6
3256,16.7
3257,15.2
3258,14.9
3259,14.8
3260,17.4
3261,17.9
3262,28.2
3263,39.6
3264,54.5
3265,49.8
3266,44.9
3267,29.4
3268,16.7
3269,15.5
3270,16.3
3271,19.4
3272,20.9
3273,20.4
3274,20.8
3275,29.9
3276,25.3
3277,25.0
3278,26.8
3279,20.6
3280,18.3
3281,15.2
3282,14.5
3283,17.1
3284,20.5
3285,18.6
3286,21.7
3287,26.2
3288,28.6
3289,27.9
3290,18.7
3291,12.9
3292,14.6
3293,15.3
3294,20.2
3295,22.4
3296,26.5
3297,28.7
3298,40.2
3299,40.7
3300,35.5
3301,32.9
3302,35.8
3303,22.8
3304,19.4
3305,15.4
3306,15.3
3307,18.8
3308,22.7
3309,23.5
3310,23.7
3311,26.4
3312,32.8
3313,38.9
3314,34.0
3315,24.6
3316,17.1
3317,25.2
3318,26.3
3319,27.2
3320,30.1
3321,37.1
3322,37.9
3323,28.2
3324,28.2
3325,30.7
3326,23.2
3327,17.0
3328,21.2
3329,22.3
3330,15.8
3331,17.0
3332,21.3
3333,20.7
3334,18.5
3335,16.7
3336,16.2
3337,17.3
3338,18.1
3339,18.6
3340,17.2
3341,15.8
3342,18.0
3343,21.5
3344,28.4
3345,31.9
3346,28.4
3347,31.7
3348,36.8
3349,36.4
3350,28.2
3351,21.9
3352,20.9
3353,19.1
3354,17.9
3355,16.7
3356,14.7
3357,15.1
3358,14.6
3359,13.6
3360,16.1
3361,21.2
3362,22.0
3363,22.8
3364,24.6
3365,16.8
3366,19.8
3367,19.3
3368,21.7
3369,22.0
3370,27.1
3371,26.4
3372,29.5
3373,25.9
3374,25.7
3375,27.2
3376,23.5
3377,16.1
3378,14.7
3379,14.9
3380,15.0
3381,15.2
3382,14.4
3383,17.5
3384,23.4
3385,25.9
3386,30.0
3387,25.7
3388,29.5
3389,35.8
3390,37.6
3391,42.0
3392,37.8
3393,37.3
3394,38.3
3395,38.0
3396,35.5
3397,35.2
3398,38.8
3399,36.6
3400,19.3
3401,17.2
3402,16.2
3403,14.8
3404,14.8
3405,29.0
3406,30.8
3407,40.9
3408,47.1
3409,43.8
3410,45.4
3411,32.4
3412,20.1
3413,18.7
3414,20.4
3415,18.0
3416,18.7
3417,21.9
3418,31.2
3419,33.0
3420,29.7
3421,30.8
3422,27.5
3423,23.4
3424,20.0
3425,17.4
3426,15.7
3427,15.2
3428,15.2
3429,15.3
3430,15.2
3431,20.2
3432,26.6
3433,23.8
3434,15.6
3435,15.2
3436,16.0
3437,16.5
3438,17.5
3439,18.3
3440,20.0
3441,21.9
3442,23.2
3443,24.1
3444,25.1
3445,22.8
3446,24.1
3447,21.9
3448,18.8
3449,16.6
3450,16.1
3451,15.4
3452,15.3
3453,15.7
3454,14.7
3455,25.0
3456,35.0
3457,36.3
3458,37.2
3459,20.6
3460,20.3
3461,17.0
3462,18.5
3463,22.0
3464,28.0
3465,22.8
3466,25.5
3467,27.4
3468,25.1
3469,30.3
3470,30.6
3471,28.9
3472,24.9
3473,20.5
3474,16.8
3475,16.8
3476,15.8
3477,15.1
3478,16.0
3479,12.6
3480,26.8
3481,27.8
3482,31.8
3483,25.8
3484,16.2
3485,19.9
3486,15.5
3487,18.5
3488,23.4
3489,25.1
3490,20.9
3491,23.4
3492,26.9
3493,25.4
3494,26.9
3495,24.6
3496,24.8
3497,16.5
3498,15.2
3499,15.5
3500,15.2
3501,14.6
3502,13.0
3503,12.1
3504,17.4
3505,29.1
3506,26.2
3507,25.7
3508,27.0
3509,26.2
3510,16.9
3511,19.9
3512,23.2
3513,24.5
3514,21.6
3515,25.7
3516,25.6
3517,28.1
3518,29.7
3519,27.0
3520,21.7
3521,16.6
3522,15.1
3523,14.6
3524,14.5
3525,14.9
3526,13.3
3527,14.2
3528,15.3
3529,19.4
3530,19.2
3531,18.2
3532,21.9
3533,21.0
3534,18.4
3535,19.2
3536,28.9
3537,30.3
3538,29.5
3539,31.8
3540,31.1
3541,32.0
3542,31.2
3543,33.0
3544,26.8
3545,16.8
3546,14.5
3547,17.2
3548,16.4
3549,23.1
3550,28.5
3551,48.9
3552,48.8
3553,47.7
3554,49.6
3555,53.7
3556,47.0
3557,44.6
3558,45.2
3559,43.3
3560,36.3
3561,38.8
3562,42.1
3563,38.8
3564,33.0
3565,38.3
3566,35.8
3567,35.5
3568,29.3
3569,18.2
3570,15.8
3571,16.7
3572,15.3
3573,15.4
3574,16.2
3575,32.0
3576,37.1
3577,39.9
3578,32.8
3579,27.1
3580,16.6
3581,15.4
3582,16.4
3583,18.0
3584,24.4
3585,33.2
3586,22.7
3587,21.8
3588,24.3
3589,28.9
3590,29.1
3591,21.7
3592,18.0
3593,15.7
3594,14.8
3595,15.0
3596,15.1
3597,15.9
3598,44.9
3599,60.9
3600,62.3
3601,49.9
3602,46.8
3603,36.4
3604,16.9
3605,18.6
3606,21.1
3607,27.1
3608,33.6
3609,41.7
3610,52.9
3611,61.5
3612,44.8
3613,39.3
3614,36.1
3615,28.0
3616,20.6
3617,17.7
3618,16.4
3619,15.7
3620,15.4
3621,19.4
3622,27.7
3623,28.8
3624,24.9
3625,37.1
3626,38.3
3627,24.4
3628,17.0
3629,16.3
3630,22.6
3631,28.4
3632,41.8
3633,47.9
3634,45.2
3635,45.3
3636,41.5
3637,44.7
3638,41.4
3639,41.4
3640,25.4
3641,16.9
3642,16.2
3643,18.1
3644,22.9
3645,17.9
3646,26.0
3647,38.1
3648,44.1
3649,32.1
3650,27.7
3651,27.5
3652,23.5
3653,18.8
3654,22.1
3655,37.9
3656,51.6
3657,44.9
3658,45.7
3659,41.0
3660,44.0
3661,46.6
3662,25.9
3663,22.0
3664,18.7
3665,16.2
3666,14.9
3667,15.5
3668,15.6
3669,19.2
3670,24.7
3671,41.1
3672,47.5
3673,50.1
3674,32.6
3675,24.4
3676,20.4
3677,16.6
3678,20.1
3679,20.1
3680,23.2
3681,19.3
3682,24.2
3683,21.7
3684,21.2
3685,26.5
3686,31.5
3687,27.4
3688,20.8
3689,16.4
3690,15.0
3691,15.0
3692,16.0
3693,16.0
3694,26.1
3695,38.0
3696,39.6
3697,32.1
3698,27.9
3699,27.3
3700,28.4
3701,32.4
3702,36.8
3703,42.9
3704,47.5
3705,39.0
3706,32.1
3707,41.9
3708,39.3
3709,42.8
3710,36.9
3711,31.4
3712,24.6
3713,20.3
3714,15.2
3715,15.1
3716,17.7
3717,29.9
3718,23.3
3719,23.5
3720,30.7
3721,39.5
3722,36.5
3723,30.7
3724,29.6
3725,39.3
3726,45.7
3727,49.8
3728,47.6
3729,38.5
3730,43.5
3731,40.6
3732,47.4
3733,43.8
3734,34.3
3735,25.0
3736,22.3
3737,16.7
3738,14.5
3739,13.7
3740,17.5
3741,14.9
3742,17.4
3743,21.5
3744,23.1
3745,24.5
3746,23.5
3747,24.0
3748,21.0
3749,23.4
3750,28.3
3751,26.2
3752,28.8
3753,27.0
3754,27.4
3755,32.8
3756,28.2
3757,28.2
3758,32.3
3759,25.9
3760,19.0
3761,17.6
3762,15.6
3763,16.0
3764,17.1
3765,20.6
3766,22.4
3767,16.9
3768,19.0
3769,18.7
3770,18.9
3771,19.9
3772,20.4
3773,18.0
3774,17.0
3775,19.3
3776,23.7
3777,24.3
3778,23.5
3779,26.5
3780,36.1
3781,35.3
3782,34.9
3783,29.1
3784,29.0
3785,21.6
3786,17.1
3787,16.0
3788,15.3
3789,17.6
3790,33.2
3791,55.7
3792,61.2
3793,59.4
3794,53.6
3795,44.7
3796,25.8
3797,18.2
3798,17.5
3799,21.8
3800,29.4
3801,40.8
3802,31.6
3803,34.1
3804,25.6
3805,46.5
3806,41.9
3807,27.1
3808,25.3
3809,20.4
3810,19.7
3811,19.0
3812,19.3
3813,22.1
3814,23.3
3815,35.8
3816,45.7
3817,55.2
3818,52.6
3819,38.2
3820,24.2
3821,16.2
3822,16.5
3823,18.8
3824,22.9
3825,25.8
3826,27.0
3827,29.0
3828,43.5
3829,37.3
3830,37.9
3831,34.2
3832,25.0
3833,17.0
3834,15.5
3835,16.3
3836,20.7
3837,27.9
3838,26.8
3839,55.8
3840,70.8
3841,66.1
3842,57.0
3843,40.1
3844,21.4
3845,20.3
3846,23.6
3847,28.2
3848,29.2
3849,29.3
3850,24.4
3851,27.5
3852,30.7
3853,34.0
3854,40.0
3855,37.5
3856,29.7
3857,22.0
3858,18.7
3859,18.6
3860,24.4
3861,35.7
3862,36.8
3863,40.8
3864,45.0
3865,50.7
3866,61.1
3867,43.0
3868,41.0
3869,34.5
3870,30.4
3871,24.2
3872,23.6
3873,25.8
3874,26.2
3875,29.6
3876,33.5
3877,35.0
3878,28.0
3879,26.5
3880,25.5
3881,27.8
3882,28.5
3883,29.3
3884,24.4
3885,27.7
3886,43.0
3887,49.4
3888,60.2
3889,66.4
3890,68.9
3891,56.5
3892,51.0
3893,44.7
3894,44.7
3895,47.1
3896,45.2
3897,39.3
3898,35.0
3899,35.9
3900,36.5
3901,38.7
3902,38.4
3903,34.0
3904,39.1
3905,42.6
3906,46.1
3907,46.0
3908,45.3
3909,39.1
3910,49.6
3911,65.2
3912,68.0
3913,67.6
3914,50.1
3915,49.9
3916,38.8
3917,25.0
3918,21.5
3919,31.3
3920,30.4
3921,35.4
3922,31.4
3923,32.5
3924,31.3
3925,35.2
3926,31.8
3927,31.5
3928,19.2
3929,17.3
3930,27.0
3931,35.1
3932,35.1
3933,25.1
3934,17.7
3935,59.4
3936,51.6
3937,70.2
3938,67.4
3939,65.6
3940,53.6
3941,24.9
3942,27.5
3943,29.8
3944,35.0
3945,33.5
3946,33.7
3947,42.2
3948,50.6
3949,47.3
3950,49.2
3951,42.1
3952,27.3
3953,20.7
3954,21.1
3955,25.5
3956,27.6
3957,33.8
3958,44.1
3959,46.3
3960,46.5
3961,47.9
3962,36.8
3963,32.2
3964,32.2
3965,21.8
3966,24.4
3967,25.4
3968,23.8
3969,24.9
3970,24.3
3971,24.1
3972,24.0
3973,25.2
3974,24.4
3975,23.5
3976,24.8
3977,16.9
3978,16.1
3979,15.9
3980,23.4
3981,33.7
3982,47.4
3983,39.6
3984,40.8
3985,55.7
3986,59.3
3987,26.7
3988,33.2
3989,31.5
3990,33.4
3991,31.6
3992,19.6
3993,19.0
3994,21.6
3995,24.2
3996,23.8
3997,23.1
3998,22.0
3999,20.6
4000,23.9
4001,30.1
4002,26.3
4003,26.6
4004,29.5
4005,31.5
4006,40.3
4007,66.8
4008,80.6
4009,106.9
4010,101.9
4011,86.0
4012,65.2
4013,26.3
4014,30.4
4015,42.3
4016,37.1
4017,31.9
4018,25.0
4019,26.1
4020,23.7
4021,22.7
4022,24.7
4023,24.2
4024,27.9
4025,35.3
4026,29.3
4027,24.5
4028,19.7
4029,17.9
4030,18.2
4031,21.9
4032,26.0
4033,39.5
4034,38.5
4035,36.0
4036,37.9
4037,40.9
4038,47.3
4039,45.4
4040,42.2
4041,41.4
4042,42.7
4043,48.8
4044,49.1
4045,46.8
4046,49.4
4047,42.2
4048,49.0
4049,37.2
4050,45.4
4051,38.2
4052,46.0
4053,58.7
4054,46.6
4055,32.9
4056,17.5
4057,16.2
4058,16.4
4059,23.6
4060,21.3
4061,26.4
4062,30.8
4063,37.5
4064,41.6
4065,44.1
4066,44.8
4067,45.3
4068,47.6
4069,50.5
4070,43.4
4071,39.9
4072,45.6
4073,52.6
4074,47.8
4075,50.7
4076,50.0
4077,59.0
4078,71.3
4079,67.2
4080,55.5
4081,53.8
4082,51.6
4083,51.0
4084,32.3
4085,26.5
4086,19.5
4087,19.3
4088,21.2
4089,22.0
4090,24.7
4091,33.9
4092,29.9
4093,35.9
4094,23.3
4095,21.0
4096,18.8
4097,18.0
4098,19.4
4099,16.8
4100,18.6
4101,22.4
4102,58.4
4103,44.5
4104,37.6
4105,43.2
4106,45.9
4107,59.6
4108,42.1
4109,22.9
4110,24.0
4111,20.8
4112,21.6
4113,22.6
4114,21.3
4115,22.5
4116,22.6
4117,22.0
4118,22.1
4119,26.6
4120,22.6
4121,17.9
4122,17.3
4123,17.3
4124,20.4
4125,36.5
4126,27.3
4127,58.4
4128,67.5
4129,57.0
4130,46.2
4131,34.6
4132,17.6
4133,19.9
4134,22.8
4135,18.9
4136,19.6
4137,20.7
4138,20.8
4139,21.5
4140,22.5
4141,30.7
4142,25.9
4143,25.9
4144,19.5
4145,18.4
4146,18.2
4147,26.3
4148,25.5
4149,23.5
4150,33.5
4151,76.5
4152,62.9
4153,60.6
4154,60.4
4155,47.8
4156,36.7
4157,29.1
4158,27.5
4159,21.3
4160,25.2
4161,25.1
4162,24.4
4163,34.0
4164,32.5
4165,24.5
4166,36.6
4167,28.0
4168,23.5
4169,18.0
4170,16.0
4171,16.0
4172,16.2
4173,17.3
4174,18.6
4175,20.3
4176,20.8
4177,21.7
4178,21.9
4179,22.2
4180,18.2
4181,16.9
4182,17.0
4183,18.3
4184,18.2
4185,18.8
4186,18.6
4187,24.7
4188,28.3
4189,28.5
4190,30.1
4191,24.8
4192,22.2
4193,20.2
4194,19.2
4195,20.0
4196,19.0
4197,31.1
4198,47.0
4199,34.2
4200,27.5
4201,26.2
4202,26.7
4203,27.1
4204,32.7
4205,33.9
4206,36.2
4207,42.1
4208,40.5
4209,36.6
4210,39.9
4211,41.0
4212,40.1
4213,36.8
4214,33.2
4215,38.9
4216,39.7
4217,19.6
4218,18.0
4219,18.1
4220,17.4
4221,22.1
4222,21.8
4223,42.7
4224,41.4
4225,36.8
4226,40.5
4227,29.4
4228,26.9
4229,29.6
4230,34.6
4231,41.1
4232,41.7
4233,41.5
4234,42.4
4235,46.8
4236,46.5
4237,47.2
4238,48.9
4239,49.6
4240,22.1
4241,20.4
4242,17.5
4243,17.9
4244,16.5
4245,19.2
4246,23.7
4247,42.7
4248,38.0
4249,45.3
4250,37.8
4251,40.0
4252,17.6
4253,14.9
4254,19.4
4255,20.2
4256,31.7
4257,39.6
4258,28.6
4259,18.6
4260,19.8
4261,23.7
4262,27.4
4263,22.8
4264,18.6
4265,17.0
4266,17.2
4267,17.0
4268,15.6
4269,16.4
4270,23.7
4271,40.3
4272,30.2
4273,43.5
4274,40.0
4275,38.2
4276,19.1
4277,15.1
4278,18.9
4279,21.7
4280,27.0
4281,28.4
4282,24.1
4283,22.3
4284,21.0
4285,21.4
4286,21.6
4287,19.2
4288,17.1
4289,16.1
4290,15.4
4291,15.1
4292,15.7
4293,15.4
4294,18.1
4295,28.9
4296,32.2
4297,31.8
4298,31.5
4299,28.2
4300,24.9
4301,16.6
4302,17.3
4303,19.0
4304,21.8
4305,23.7
4306,22.4
4307,28.0
4308,28.3
4309,30.1
4310,24.5
4311,22.0
4312,18.0
4313,16.4
4314,15.7
4315,15.6
4316,15.1
4317,15.7
4318,21.1
4319,50.1
4320,59.8
4321,73.7
4322,69.1
4323,66.1
4324,36.9
4325,16.1
4326,23.9
4327,19.2
4328,20.9
4329,21.3
4330,22.4
4331,21.8
4332,22.4
4333,23.6
4334,27.3
4335,23.5
4336,18.1
4337,16.6
4338,16.1
4339,16.9
4340,15.3
4341,16.8
4342,18.2
4343,32.3
4344,42.5
4345,36.8
4346,38.0
4347,32.5
4348,24.3
4349,17.8
4350,19.4
4351,21.9
4352,23.2
4353,25.4
4354,24.8
4355,30.0
4356,30.9
4357,30.6
4358,32.6
4359,31.5
4360,37.1
4361,23.9
4362,21.9
4363,18.5
4364,22.9
4365,14.9
4366,40.4
4367,36.1
4368,38.0
4369,37.7
4370,34.5
4371,31.9
4372,36.6
4373,35.7
4374,36.7
4375,35.0
4376,35.4
4377,34.0
4378,32.9
4379,34.4
4380,36.5
4381,37.4
4382,37.2
4383,34.7
4384,31.4
4385,24.0
4386,19.2
4387,18.6
4388,20.0
4389,34.3
4390,46.9
4391,37.4
4392,35.5
4393,39.6
4394,48.1
4395,46.7
4396,34.2
4397,36.3
4398,40.4
4399,40.9
4400,42.7
4401,38.4
4402,31.6
4403,36.8
4404,36.2
4405,33.7
4406,36.3
4407,35.2
4408,30.3
4409,20.5
4410,19.0
4411,20.4
4412,18.7
4413,19.2
4414,26.9
4415,28.9
4416,33.6
4417,35.5
4418,33.8
4419,25.3
4420,14.8
4421,15.7
4422,16.2
4423,18.6
4424,19.1
4425,20.3
4426,20.0
4427,19.8
4428,16.3
4429,18.6
4430,20.5
4431,18.2
4432,17.8
4433,16.4
4434,15.7
4435,15.1
4436,15.1
4437,16.3
4438,15.0
4439,27.7
4440,42.0
4441,50.0
4442,39.0
4443,42.7
4444,19.9
4445,16.4
4446,21.0
4447,22.8
4448,20.8
4449,31.3
4450,26.4
4451,28.5
4452,26.8
4453,28.7
4454,33.0
4455,26.4
4456,27.9
4457,20.7
4458,18.8
4459,15.3
4460,18.4
4461,16.6
4462,29.1
4463,39.6
4464,43.4
4465,52.8
4466,46.6
4467,41.1
4468,24.7
4469,18.2
4470,19.9
4471,21.6
4472,20.6
4473,20.8
4474,20.6
4475,20.8
4476,21.1
4477,20.6
4478,24.9
4479,19.4
4480,17.6
4481,15.9
4482,15.7
4483,16.9
4484,15.2
4485,15.9
4486,14.4
4487,18.2
4488,21.5
4489,30.4
4490,28.4
4491,25.2
4492,16.0
4493,15.6
4494,17.1
4495,18.2
4496,20.2
4497,20.5
4498,21.6
4499,25.6
4500,25.0
4501,25.5
4502,28.1
4503,22.4
4504,20.6
4505,16.8
4506,14.9
4507,14.4
4508,14.9
4509,16.0
4510,22.4
4511,27.8
4512,32.6
4513,39.1
4514,43.0
4515,51.7
4516,52.9
4517,42.3
4518,34.8
4519,23.3
4520,28.1
4521,24.7
4522,31.1
4523,33.7
4524,37.9
4525,42.9
4526,42.3
4527,42.8
4528,32.2
4529,32.6
4530,38.9
4531,35.4
4532,21.8
4533,25.2
4534,46.7
4535,59.0
4536,39.0
4537,55.0
4538,54.1
4539,51.6
4540,48.1
4541,37.3
4542,40.8
4543,25.8
4544,27.7
4545,27.0
4546,27.4
4547,34.4
4548,34.3
4549,31.4
4550,33.6
4551,30.5
4552,28.5
4553,21.5
4554,25.5
4555,21.3
4556,16.7
4557,16.0
4558,27.9
4559,30.6
4560,24.5
4561,22.7
4562,21.4
4563,22.4
4564,20.9
4565,22.4
4566,24.1
4567,29.8
4568,34.3
4569,33.3
4570,33.3
4571,36.5
4572,35.7
4573,36.8
4574,36.3
4575,36.4
4576,42.0
4577,49.6
4578,41.6
4579,43.9
4580,52.9
4581,44.8
4582,42.0
4583,50.9
4584,54.5
4585,30.5
4586,31.3
4587,32.2
4588,36.5
4589,53.5
4590,27.8
4591,38.1
4592,43.6
4593,41.6
4594,39.0
4595,37.9
4596,35.6
4597,37.6
4598,38.2
4599,31.4
4600,25.8
4601,16.2
4602,15.6
4603,15.4
4604,26.9
4605,23.8
4606,23.7
4607,45.4
4608,53.4
4609,50.6
4610,55.6
4611,36.1
4612,15.0
4613,15.7
4614,17.8
4615,25.0
4616,25.4
4617,26.6
4618,26.9
4619,23.3
4620,24.4
4621,23.4
4622,26.5
4623,32.0
4624,19.9
4625,18.6
4626,20.2
4627,17.8
4628,14.7
4629,16.5
4630,27.3
4631,44.0
4632,48.0
4633,36.6
4634,28.4
4635,25.0
4636,13.1
4637,15.0
4638,19.6
4639,17.4
4640,19.5
4641,20.0
4642,20.4
4643,21.7
4644,21.0
4645,20.1
4646,19.3
4647,18.3
4648,17.0
4649,15.9
4650,16.2
4651,14.7
4652,27.9
4653,19.4
4654,14.7
4655,18.7
4656,31.8
4657,32.8
4658,26.7
4659,24.1
4660,20.4
4661,17.8
4662,17.4
4663,24.6
4664,32.6
4665,32.8
4666,31.4
4667,35.8
4668,41.4
4669,46.6
4670,38.5
4671,25.2
4672,19.2
4673,16.6
4674,15.0
4675,14.6
4676,13.9
4677,15.9
4678,18.5
4679,22.4
4680,39.5
4681,40.7
4682,29.2
4683,23.5
4684,18.8
4685,14.7
4686,16.0
4687,18.3
4688,19.8
4689,20.8
4690,21.1
4691,23.1
4692,25.4
4693,41.9
4694,51.6
4695,53.9
4696,53.8
4697,43.3
4698,37.9
4699,46.8
4700,57.7
4701,44.7
4702,51.7
4703,57.7
4704,72.2
4705,62.3
4706,57.4
4707,67.2
4708,53.8
4709,40.2
4710,30.5
4711,32.3
4712,37.9
4713,34.5
4714,37.0
4715,42.4
4716,42.7
4717,44.0
4718,44.1
4719,42.2
4720,35.5
4721,32.3
4722,64.8
4723,61.8
4724,57.9
4725,67.6
4726,99.2
4727,74.5
4728,74.3
4729,69.5
4730,67.0
4731,68.8
4732,63.5
4733,60.2
4734,59.9
4735,60.5
4736,60.8
4737,53.5
4738,47.7
4739,46.0
4740,49.0
4741,49.5
4742,56.4
4743,62.0
4744,62.4
4745,57.8
4746,48.3
4747,40.6
4748,47.7
4749,50.5
4750,56.6
4751,103.2
4752,89.8
4753,73.8
4754,64.7
4755,56.0
4756,29.2
4757,32.1
4758,46.3
4759,58.7
4760,57.3
4761,49.9
4762,43.4
4763,42.4
4764,41.8
4765,42.5
4766,52.2
4767,44.2
4768,28.4
4769,18.3
4770,15.3
4771,15.2
4772,24.4
4773,38.5
4774,38.4
4775,68.7
4776,95.8
4777,84.8
4778,75.3
4779,62.8
4780,16.0
4781,24.7
4782,38.7
4783,55.0
4784,51.5
4785,50.8
4786,46.7
4787,45.5
4788,49.0
4789,48.0
4790,60.8
4791,61.3
4792,32.5
4793,24.5
4794,27.9
4795,32.3
4796,30.9
4797,24.6
4798,23.8
4799,22.9
4800,13.3
4801,15.7
4802,20.9
4803,17.3
4804,39.5
4805,42.8
4806,42.3
4807,33.2
4808,32.3
4809,25.8
4810,24.7
4811,31.3
4812,39.8
4813,40.5
4814,43.7
4815,40.9
4816,41.3
4817,39.9
4818,32.1
4819,38.5
4820,43.9
4821,40.8
4822,53.0
4823,57.4
4824,77.7
4825,82.8
4826,77.7
4827,77.5
4828,44.1
4829,48.3
4830,49.4
4831,35.2
4832,26.9
4833,38.3
4834,38.5
4835,34.1
4836,35.6
4837,33.0
4838,36.4
4839,31.2
4840,25.8
4841,16.3
4842,14.8
4843,19.0
4844,17.4
4845,17.9
4846,29.5
4847,36.6
4848,38.2
4849,38.0
4850,40.9
4851,22.6
4852,17.8
4853,36.4
4854,46.5
4855,47.7
4856,46.9
4857,48.0
4858,48.0
4859,49.1
4860,50.4
4861,52.2
4862,55.9
4863,59.9
4864,59.9
4865,47.0
4866,34.6
4867,41.3
4868,50.0
4869,47.3
4870,47.1
4871,60.3
4872,63.3
4873,65.1
4874,56.8
4875,45.4
4876,55.0
4877,40.6
4878,43.1
4879,48.9
4880,54.5
4881,50.2
4882,48.5
4883,53.5
4884,51.7
4885,54.7
4886,66.3
4887,67.9
4888,50.1
4889,43.9
4890,37.7
4891,40.8
4892,49.4
4893,40.6
4894,54.6
4895,85.2
4896,76.4
4897,74.0
4898,70.5
4899,81.4
4900,67.8
4901,66.3
4902,73.9
4903,64.8
4904,60.7
4905,57.6
4906,45.7
4907,49.0
4908,49.2
4909,48.9
4910,51.6
4911,47.3
4912,50.3
4913,31.7
4914,31.7
4915,42.0
4916,29.3
4917,42.9
4918,43.6
4919,60.0
4920,55.5
4921,61.7
4922,54.1
4923,32.4
4924,28.5
4925,19.3
4926,33.3
4927,46.3
4928,47.6
4929,48.9
4930,50.1
4931,47.0
4932,50.7
4933,51.1
4934,45.6
4935,40.3
4936,17.7
4937,15.5
4938,14.7
4939,14.8
4940,14.3
4941,15.3
4942,26.7
4943,34.9
4944,49.8
4945,57.7
4946,58.7
4947,51.0
4948,44.2
4949,41.5
4950,33.4
4951,27.9
4952,31.9
4953,34.8
4954,29.5
4955,39.1
4956,37.2
4957,33.6
4958,38.2
4959,40.6
4960,39.8
4961,28.2
4962,23.4
4963,27.0
4964,36.6
4965,36.7
4966,37.9
4967,55.8
4968,62.1
4969,86.6
4970,78.0
4971,65.6
4972,45.9
4973,46.2
4974,48.2
4975,49.4
4976,53.0
4977,42.4
4978,40.0
4979,42.6
4980,40.0
4981,41.3
4982,51.6
4983,54.9
4984,49.2
4985,34.7
4986,35.0
4987,35.6
4988,45.5
4989,49.2
4990,61.3
4991,85.6
4992,85.1
4993,83.4
4994,76.4
4995,70.9
4996,47.9
4997,45.9
4998,52.4
4999,49.7
5000,56.6
5001,54.7
5002,53.5
5003,53.5
5004,55.8
5005,57.0
5006,61.2
5007,54.3
5008,48.7
5009,38.1
5010,40.0
5011,54.4
5012,64.5
5013,55.3
5014,52.9
5015,54.5
5016,60.4
5017,58.4
5018,61.7
5019,58.8
5020,41.6
5021,41.9
5022,47.7
5023,51.0
5024,48.6
5025,49.8
5026,48.9
5027,57.2
5028,56.1
5029,63.7
5030,59.6
5031,47.6
5032,42.1
5033,50.3
5034,51.6
5035,82.7
5036,62.1
5037,63.4
5038,75.6
5039,74.7
5040,76.2
5041,83.4
5042,82.8
5043,83.0
5044,74.0
5045,63.1
5046,52.1
5047,55.0
5048,57.7
5049,60.1
5050,56.3
5051,66.5
5052,72.8
5053,69.9
5054,71.1
5055,69.1
5056,70.6
5057,47.4
5058,50.5
5059,64.1
5060,59.2
5061,76.3
5062,94.0
5063,115.2
5064,123.1
5065,119.5
5066,110.6
5067,109.9
5068,99.1
5069,89.6
5070,86.2
5071,78.2
5072,73.2
5073,62.2
5074,62.0
5075,59.8
5076,57.4
5077,58.7
5078,62.0
5079,62.7
5080,53.3
5081,60.1
5082,50.2
5083,69.8
5084,71.3
5085,65.6
5086,90.3
5087,76.9
5088,78.2
5089,80.8
5090,82.1
5091,79.1
5092,38.2
5093,26.5
5094,29.5
5095,39.6
5096,46.1
5097,48.7
5098,51.9
5099,53.5
5100,47.6
5101,46.3
5102,56.8
5103,44.7
5104,32.3
5105,29.9
5106,42.9
5107,45.7
5108,41.4
5109,27.5
5110,48.5
5111,59.6
5112,65.8
5113,68.0
5114,37.5
5115,51.2
5116,11.8
5117,27.8
5118,36.4
5119,43.2
5120,49.6
5121,51.2
5122,51.5
5123,55.1
5124,47.4
5125,50.5
5126,54.0
5127,46.9
5128,36.2
5129,27.6
5130,34.6
5131,37.0
5132,47.0
5133,36.7
5134,38.1
5135,53.9
5136,63.8
5137,89.8
5138,63.5
5139,57.8
5140,41.5
5141,43.8
5142,51.5
5143,53.2
5144,51.2
5145,45.8
5146,44.6
5147,42.7
5148,43.2
5149,48.2
5150,54.5
5151,48.5
5152,41.7
5153,36.6
5154,33.8
5155,37.8
5156,42.8
5157,45.6
5158,54.4
5159,62.6
5160,86.3
5161,69.9
5162,63.6
5163,63.9
5164,25.6
5165,41.2
5166,60.3
5167,61.4
5168,68.0
5169,66.6
5170,60.3
5171,57.8
5172,68.1
5173,67.3
5174,70.3
5175,72.4
5176,45.1
5177,40.3
5178,42.7
5179,49.4
5180,60.1
5181,79.7
5182,62.9
5183,74.3
5184,93.1
5185,72.7
5186,79.9
5187,59.0
5188,72.7
5189,51.6
5190,48.9
5191,57.8
5192,61.4
5193,52.4
5194,47.3
5195,57.3
5196,55.2
5197,52.7
5198,53.4
5199,51.5
5200,45.6
5201,43.0
5202,39.0
5203,33.5
5204,49.2
5205,45.4
5206,54.0
5207,70.3
5208,78.5
5209,73.6
5210,69.8
5211,65.6
5212,63.4
5213,56.5
5214,48.4
5215,53.5
5216,46.3
5217,49.8
5218,53.4
5219,55.6
5220,58.8
5221,48.7
5222,53.8
5223,60.3
5224,61.6
5225,63.5
5226,58.9
5227,74.3
5228,69.0
5229,87.3
5230,61.0
5231,56.2
5232,64.0
5233,53.9
5234,58.7
5235,63.7
5236,63.3
5237,63.3
5238,55.8
5239,60.5
5240,51.6
5241,51.2
5242,55.8
5243,49.8
5244,51.2
5245,50.5
5246,52.4
5247,51.9
5248,52.0
5249,51.5
5250,41.0
5251,47.3
5252,61.6
5253,61.0
5254,42.6
5255,30.9
5256,32.9
5257,34.1
5258,28.6
5259,26.0
5260,25.0
5261,23.2
5262,22.0
5263,53.0
5264,51.3
5265,64.8
5266,65.5
5267,70.1
5268,62.8
5269,60.1
5270,46.0
5271,31.7
5272,22.8
5273,16.4
5274,15.9
5275,17.7
5276,29.4
5277,30.0
5278,35.1
5279,53.5
5280,52.4
5281,38.6
5282,34.2
5283,30.5
5284,29.0
5285,19.9
5286,45.3
5287,64.8
5288,69.7
5289,68.7
5290,68.4
5291,70.7
5292,72.6
5293,71.3
5294,64.7
5295,38.2
5296,32.3
5297,20.1
5298,25.5
5299,29.7
5300,25.8
5301,23.8
5302,24.4
5303,32.5
5304,34.2
5305,33.5
5306,34.1
5307,30.2
5308,22.1
5309,18.0
5310,34.5
5311,60.0
5312,79.2
5313,81.7
5314,75.5
5315,71.4
5316,72.0
5317,75.1
5318,67.4
5319,53.0
5320,39.3
5321,30.1
5322,24.9
5323,36.6
5324,44.3
5325,53.1
5326,45.9
5327,62.5
5328,60.2
5329,56.1
5330,51.4
5331,38.0
5332,28.1
5333,35.4
5334,37.9
5335,46.9
5336,63.5
5337,64.7
5338,53.0
5339,64.0
5340,67.3
5341,68.2
5342,65.3
5343,46.3
5344,40.3
5345,23.8
5346,22.0
5347,27.8
5348,41.2
5349,33.9
5350,53.6
5351,54.0
5352,47.3
5353,42.6
5354,46.0
5355,67.6
5356,37.9
5357,30.0
5358,39.4
5359,45.1
5360,58.1
5361,61.5
5362,66.7
5363,70.4
5364,64.8
5365,65.3
5366,66.8
5367,46.0
5368,30.3
5369,25.8
5370,25.5
5371,34.7
5372,41.3
5373,44.1
5374,60.2
5375,42.3
5376,57.0
5377,50.7
5378,55.8
5379,54.4
5380,46.3
5381,43.6
5382,48.7
5383,54.3
5384,58.0
5385,65.9
5386,59.4
5387,58.8
5388,57.6
5389,59.4
5390,61.0
5391,39.5
5392,54.6
5393,38.0
5394,35.5
5395,49.6
5396,72.0
5397,52.2
5398,50.0
5399,65.3
5400,74.9
5401,88.9
5402,68.9
5403,82.3
5404,67.1
5405,63.5
5406,65.7
5407,64.3
5408,76.8
5409,70.2
5410,55.6
5411,52.5
5412,59.3
5413,68.2
5414,71.7
5415,62.6
5416,52.0
5417,36.8
5418,29.4
5419,35.0
5420,38.0
5421,46.3
5422,67.8
5423,71.1
5424,65.3
5425,67.0
5426,64.9
5427,65.3
5428,39.8
5429,37.1
5430,21.4
5431,28.9
5432,32.3
5433,46.2
5434,54.5
5435,41.7
5436,40.3
5437,47.6
5438,44.0
5439,40.8
5440,18.4
5441,33.9
5442,32.2
5443,46.3
5444,57.0
5445,39.9
5446,44.5
5447,77.1
5448,87.3
5449,80.6
5450,94.0
5451,66.7
5452,17.8
5453,23.5
5454,67.8
5455,72.0
5456,70.2
5457,71.9
5458,51.8
5459,64.7
5460,74.7
5461,69.0
5462,60.9
5463,51.2
5464,44.6
5465,35.9
5466,35.3
5467,18.4
5468,19.2
5469,37.4
5470,14.5
5471,27.8
5472,32.2
5473,28.0
5474,24.8
5475,21.4
5476,41.7
5477,49.5
5478,44.7
5479,51.3
5480,53.6
5481,59.8
5482,68.1
5483,61.2
5484,41.8
5485,30.1
5486,27.9
5487,25.5
5488,21.6
5489,33.2
5490,32.0
5491,14.8
5492,15.6
5493,33.5
5494,47.0
5495,47.0
5496,39.6
5497,35.3
5498,33.1
5499,27.0
5500,18.1
5501,65.1
5502,56.3
5503,50.8
5504,42.3
5505,58.8
5506,36.6
5507,47.3
5508,42.2
5509,53.1
5510,60.9
5511,55.8
5512,49.3
5513,43.9
5514,26.7
5515,51.9
5516,57.8
5517,13.3
5518,21.8
5519,28.7
5520,36.4
5521,38.3
5522,36.5
5523,34.3
5524,22.4
5525,69.9
5526,56.8
5527,62.4
5528,61.2
5529,66.1
5530,61.1
5531,41.6
5532,48.0
5533,40.3
5534,37.9
5535,70.4
5536,56.3
5537,47.0
5538,47.8
5539,48.1
5540,34.5
5541,16.8
5542,33.7
5543,42.7
5544,43.0
5545,46.9
5546,50.8
5547,60.1
5548,49.4
5549,35.8
5550,24.4
5551,22.4
5552,28.6
5553,35.4
5554,33.7
5555,50.9
5556,51.9
5557,47.4
5558,50.1
5559,51.7
5560,36.5
5561,43.1
5562,53.9
5563,71.4
5564,75.1
5565,82.9
5566,89.0
5567,85.3
5568,94.2
5569,87.1
5570,82.2
5571,79.3
5572,82.1
5573,75.6
5574,71.5
5575,66.6
5576,57.9
5577,51.3
5578,48.2
5579,50.1
5580,52.4
5581,55.4
5582,64.8
5583,65.5
5584,46.0
5585,56.8
5586,59.0
5587,65.1
5588,67.7
5589,67.4
5590,75.7
5591,85.2
5592,100.3
5593,103.0
5594,98.4
5595,61.6
5596,24.0
5597,25.1
5598,30.9
5599,41.2
5600,46.9
5601,47.7
5602,43.0
5603,35.5
5604,42.1
5605,35.6
5606,44.7
5607,20.9
5608,21.9
5609,22.9
5610,33.3
5611,51.2
5612,53.8
5613,66.0
5614,69.9
5615,91.0
5616,71.1
5617,77.1
5618,72.7
5619,27.1
5620,20.7
5621,18.4
5622,37.6
5623,45.8
5624,55.1
5625,62.9
5626,52.7
5627,54.9
5628,60.0
5629,54.6
5630,49.8
5631,39.2
5632,21.6
5633,17.7
5634,15.8
5635,30.5
5636,60.5
5637,62.0
5638,58.1
5639,54.3
5640,59.1
5641,54.3
5642,34.7
5643,27.1
5644,13.2
5645,15.0
5646,35.2
5647,50.9
5648,54.1
5649,59.1
5650,57.1
5651,56.3
5652,58.5
5653,65.0
5654,56.7
5655,45.3
5656,27.8
5657,21.3
5658,17.0
5659,28.9
5660,33.1
5661,51.1
5662,63.2
5663,64.6
5664,64.9
5665,70.2
5666,52.2
5667,29.3
5668,16.3
5669,16.2
5670,33.4
5671,56.9
5672,56.0
5673,62.7
5674,48.4
5675,54.0
5676,53.3
5677,48.8
5678,39.2
5679,40.5
5680,31.0
5681,18.1
5682,18.1
5683,15.0
5684,16.5
5685,27.1
5686,43.0
5687,37.2
5688,42.2
5689,21.2
5690,17.2
5691,14.0
5692,15.5
5693,16.0
5694,24.2
5695,25.3
5696,48.6
5697,54.9
5698,49.5
5699,55.0
5700,47.7
5701,43.3
5702,47.0
5703,49.6
5704,41.9
5705,18.3
5706,25.3
5707,32.9
5708,39.4
5709,35.7
5710,45.2
5711,54.1
5712,46.3
5713,56.4
5714,62.8
5715,60.6
5716,45.8
5717,10.8
5718,12.4
5719,12.7
5720,16.7
5721,17.3
5722,21.2
5723,31.1
5724,36.7
5725,27.4
5726,23.2
5727,15.8
5728,15.4
5729,13.6
5730,12.8
5731,11.9
5732,12.6
5733,15.9
5734,21.8
5735,22.1
5736,23.2
5737,25.2
5738,25.9
5739,25.3
5740,24.0
5741,25.9
5742,24.3
5743,25.6
5744,29.0
5745,35.5
5746,30.7
5747,34.7
5748,36.7
5749,32.5
5750,24.3
5751,21.2
5752,16.5
5753,15.4
5754,21.0
5755,13.4
5756,10.7
5757,26.5
5758,14.8
5759,19.4
5760,24.2
5761,34.4
5762,27.7
5763,24.1
5764,13.8
5765,10.8
5766,17.3
5767,22.0
5768,29.0
5769,28.2
5770,23.6
5771,24.9
5772,29.4
5773,29.5
5774,27.4
5775,18.1
5776,16.1
5777,15.2
5778,14.6
5779,13.7
5780,12.7
5781,14.0
5782,22.0
5783,33.7
5784,30.6
5785,32.8
5786,30.2
5787,21.8
5788,13.3
5789,13.8
5790,18.9
5791,32.7
5792,29.6
5793,29.9
5794,32.0
5795,31.8
5796,32.9
5797,37.8
5798,39.7
5799,21.1
5800,15.7
5801,14.8
5802,14.8
5803,14.7
5804,12.4
5805,13.3
5806,33.4
5807,24.0
5808,34.7
5809,28.4
5810,28.2
5811,28.2
5812,11.5
5813,12.5
5814,19.6
5815,14.4
5816,23.0
5817,17.6
5818,20.7
5819,23.8
5820,23.2
5821,24.4
5822,23.1
5823,21.7
5824,24.1
5825,23.3
5826,13.9
5827,11.8
5828,11.8
5829,12.0
5830,13.0
5831,20.0
5832,38.4
5833,51.8
5834,50.9
5835,29.1
5836,11.9
5837,16.3
5838,28.1
5839,35.9
5840,39.1
5841,44.4
5842,46.3
5843,56.8
5844,49.1
5845,42.4
5846,32.4
5847,28.5
5848,28.2
5849,28.9
5850,29.5
5851,36.0
5852,34.5
5853,25.7
5854,39.1
5855,41.0
5856,48.9
5857,55.8
5858,50.6
5859,48.6
5860,17.7
5861,20.7
5862,31.8
5863,38.4
5864,37.6
5865,37.7
5866,35.4
5867,37.9
5868,36.6
5869,34.6
5870,39.3
5871,34.5
5872,24.2
5873,19.7
5874,25.1
5875,12.7
5876,12.6
5877,13.6
5878,10.7
5879,15.8
5880,28.6
5881,27.6
5882,26.9
5883,30.5
5884,29.7
5885,21.9
5886,29.9
5887,22.7
5888,15.9
5889,22.3
5890,17.7
5891,22.0
5892,22.2
5893,21.9
5894,30.7
5895,43.3
5896,43.3
5897,40.8
5898,30.5
5899,22.1
5900,17.1
5901,21.3
5902,35.4
5903,41.2
5904,38.5
5905,40.9
5906,46.7
5907,46.8
5908,48.3
5909,47.7
5910,50.9
5911,57.0
5912,53.3
5913,48.6
5914,42.3
5915,48.3
5916,45.1
5917,47.0
5918,54.8
5919,40.5
5920,18.1
5921,20.5
5922,23.1
5923,21.1
5924,30.1
5925,41.9
5926,24.6
5927,26.4
5928,36.1
5929,36.1
5930,33.3
5931,31.3
5932,13.4
5933,14.7
5934,19.8
5935,28.2
5936,41.3
5937,44.2
5938,48.0
5939,54.8
5940,49.4
5941,46.7
5942,42.8
5943,33.1
5944,23.2
5945,21.6
5946,27.2
5947,21.1
5948,12.2
5949,12.5
5950,19.9
5951,20.0
5952,21.1
5953,23.4
5954,22.1
5955,15.5
5956,19.6
5957,31.6
5958,36.9
5959,35.2
5960,34.5
5961,38.1
5962,36.5
5963,36.8
5964,40.4
5965,38.7
5966,30.1
5967,34.0
5968,30.0
5969,25.7
5970,27.1
5971,23.4
5972,23.0
5973,20.8
5974,24.2
5975,23.3
5976,21.5
5977,25.5
5978,26.3
5979,26.7
5980,19.2
5981,17.3
5982,20.7
5983,30.9
5984,27.3
5985,24.8
5986,25.6
5987,28.8
5988,28.7
5989,28.3
5990,22.1
5991,16.1
5992,16.7
5993,16.5
5994,16.4
5995,15.4
5996,13.8
5997,14.8
5998,17.6
5999,23.5
6000,30.8
6001,33.7
6002,35.2
6003,30.8
6004,18.3
6005,16.1
6006,16.6
6007,26.4
6008,24.0
6009,27.8
6010,33.0
6011,43.9
6012,44.9
6013,36.9
6014,35.8
6015,31.3
6016,23.0
6017,25.4
6018,23.6
6019,20.7
6020,29.5
6021,34.4
6022,31.1
6023,28.7
6024,27.9
6025,28.1
6026,30.3
6027,29.9
6028,21.1
6029,15.7
6030,16.5
6031,18.3
6032,19.7
6033,21.2
6034,29.4
6035,34.4
6036,32.9
6037,30.4
6038,28.5
6039,20.6
6040,15.4
6041,15.8
6042,15.1
6043,13.1
6044,12.0
6045,12.6
6046,14.6
6047,19.7
6048,20.2
6049,24.1
6050,25.2
6051,23.1
6052,18.2
6053,17.0
6054,16.3
6055,16.0
6056,19.6
6057,17.8
6058,33.3
6059,43.0
6060,41.8
6061,39.3
6062,41.9
6063,15.5
6064,17.8
6065,15.0
6066,15.1
6067,14.0
6068,14.9
6069,17.2
6070,12.3
6071,25.7
6072,23.0
6073,18.8
6074,34.1
6075,24.1
6076,20.5
6077,18.7
6078,14.5
6079,15.8
6080,19.1
6081,28.0
6082,37.1
6083,38.5
6084,38.9
6085,37.4
6086,28.3
6087,21.3
6088,16.2
6089,15.4
6090,15.3
6091,14.9
6092,14.5
6093,16.2
6094,20.4
6095,24.3
6096,24.9
6097,27.6
6098,30.4
6099,24.1
6100,17.0
6101,20.2
6102,19.7
6103,23.5
6104,36.6
6105,45.5
6106,49.1
6107,45.4
6108,46.4
6109,45.7
6110,39.2
6111,18.9
6112,16.6
6113,16.5
6114,15.0
6115,15.6
6116,14.0
6117,19.3
6118,48.0
6119,40.2
6120,46.9
6121,47.0
6122,48.3
6123,53.9
6124,41.4
6125,31.4
6126,36.7
6127,33.7
6128,37.3
6129,42.2
6130,33.2
6131,32.0
6132,38.2
6133,42.6
6134,38.8
6135,35.3
6136,29.2
6137,26.5
6138,17.0
6139,15.7
6140,12.4
6141,11.0
6142,29.1
6143,35.3
6144,45.6
6145,34.7
6146,36.8
6147,17.8
6148,29.8
6149,28.7
6150,28.5
6151,26.4
6152,33.0
6153,32.1
6154,34.6
6155,40.8
6156,46.0
6157,33.3
6158,22.4
6159,20.8
6160,29.5
6161,28.1
6162,27.2
6163,25.2
6164,25.0
6165,21.1
6166,16.9
6167,46.6
6168,44.4
6169,44.7
6170,32.0
6171,26.8
6172,47.4
6173,41.3
6174,30.6
6175,39.7
6176,31.4
6177,25.4
6178,32.1
6179,32.9
6180,43.9
6181,42.7
6182,31.6
6183,27.3
6184,44.1
6185,34.0
6186,22.5
6187,21.7
6188,32.7
6189,24.2
6190,19.9
6191,23.2
6192,25.9
6193,27.6
6194,24.8
6195,31.7
6196,38.2
6197,33.7
6198,27.9
6199,25.6
6200,24.4
6201,19.1
6202,22.4
6203,26.6
6204,26.5
6205,29.6
6206,27.1
6207,22.8
6208,20.8
6209,13.5
6210,13.2
6211,17.9
6212,18.0
6213,17.2
6214,22.3
6215,26.0
6216,28.8
6217,21.7
6218,20.4
6219,21.6
6220,29.5
6221,34.2
6222,31.0
6223,27.4
6224,28.9
6225,32.0
6226,29.0
6227,30.5
6228,27.0
6229,27.8
6230,29.5
6231,28.8
6232,35.9
6233,31.6
6234,23.6
6235,26.4
6236,28.5
6237,27.5
6238,30.6
6239,30.2
6240,25.4
6241,29.1
6242,30.3
6243,29.5
6244,27.1
6245,25.8
6246,26.3
6247,28.9
6248,28.4
6249,30.5
6250,33.6
6251,31.3
6252,32.0
6253,33.6
6254,31.0
6255,31.7
6256,32.9
6257,34.0
6258,21.7
6259,27.5
6260,33.5
6261,32.4
6262,36.4
6263,38.8
6264,37.0
6265,38.1
6266,38.9
6267,32.2
6268,35.6
6269,26.9
6270,25.3
6271,25.2
6272,38.2
6273,33.2
6274,38.9
6275,40.3
6276,48.0
6277,46.4
6278,49.8
6279,34.1
6280,24.3
6281,20.6
6282,22.3
6283,26.1
6284,38.6
6285,53.3
6286,53.0
6287,49.7
6288,51.7
6289,52.4
6290,43.5
6291,52.6
6292,41.6
6293,27.3
6294,22.0
6295,21.1
6296,35.5
6297,45.6
6298,46.0
6299,53.3
6300,49.1
6301,50.3
6302,44.5
6303,21.8
6304,17.8
6305,16.4
6306,18.1
6307,25.7
6308,33.2
6309,67.7
6310,68.0
6311,69.3
6312,71.4
6313,68.8
6314,63.4
6315,38.1
6316,17.8
6317,17.3
6318,25.8
6319,18.2
6320,41.1
6321,57.3
6322,54.0
6323,68.1
6324,65.7
6325,60.7
6326,49.2
6327,26.2
6328,17.9
6329,16.5
6330,16.9
6331,16.0
6332,22.1
6333,42.7
6334,53.7
6335,50.6
6336,56.6
6337,50.6
6338,52.8
6339,51.8
6340,28.6
6341,19.3
6342,26.6
6343,28.8
6344,37.2
6345,33.4
6346,30.6
6347,29.6
6348,30.6
6349,30.7
6350,31.1
6351,20.4
6352,16.3
6353,15.8
6354,15.8
6355,16.0
6356,31.2
6357,39.6
6358,34.1
6359,28.8
6360,50.6
6361,59.3
6362,39.6
6363,17.3
6364,20.0
6365,19.7
6366,18.1
6367,31.6
6368,35.3
6369,39.3
6370,31.1
6371,32.9
6372,42.1
6373,45.2
6374,43.6
6375,29.9
6376,20.3
6377,18.7
6378,28.5
6379,35.7
6380,50.7
6381,54.2
6382,76.1
6383,64.8
6384,61.0
6385,65.5
6386,54.9
6387,50.6
6388,33.0
6389,39.6
6390,51.1
6391,62.5
6392,61.0
6393,56.0
6394,57.1
6395,55.6
6396,58.3
6397,47.1
6398,39.3
6399,41.6
6400,42.2
6401,38.7
6402,51.0
6403,70.5
6404,61.2
6405,61.5
6406,50.5
6407,41.8
6408,33.6
6409,34.8
6410,34.6
6411,33.9
6412,31.9
6413,45.7
6414,57.0
6415,55.0
6416,34.9
6417,38.6
6418,53.6
6419,59.5
6420,47.8
6421,41.3
6422,34.3
6423,35.3
6424,36.2
6425,34.3
6426,38.4
6427,47.9
6428,61.5
6429,61.3
6430,52.2
6431,60.3
6432,51.5
6433,40.5
6434,32.7
6435,25.4
6436,28.4
6437,26.2
6438,34.2
6439,29.4
6440,29.5
6441,35.1
6442,34.9
6443,44.8
6444,44.4
6445,43.6
6446,40.0
6447,33.4
6448,26.3
6449,21.2
6450,21.0
6451,29.5
6452,28.8
6453,34.1
6454,30.3
6455,31.5
6456,32.8
6457,36.3
6458,33.0
6459,32.7
6460,30.6
6461,29.0
6462,29.3
6463,39.9
6464,39.1
6465,49.2
6466,36.7
6467,32.5
6468,38.3
6469,54.6
6470,55.5
6471,39.4
6472,27.7
6473,23.1
6474,22.1
6475,40.7
6476,43.5
6477,54.2
6478,49.6
6479,31.6
6480,40.1
6481,37.5
6482,39.2
6483,34.5
6484,49.4
6485,24.6
6486,38.2
6487,42.3
6488,44.9
6489,34.8
6490,39.7
6491,57.1
6492,62.9
6493,53.4
6494,57.6
6495,41.8
6496,20.5
6497,15.2
6498,14.7
6499,18.2
6500,51.8
6501,44.0
6502,50.6
6503,51.9
6504,73.1
6505,52.1
6506,63.9
6507,46.5
6508,15.2
6509,20.8
6510,27.7
6511,30.9
6512,28.2
6513,22.9
6514,19.5
6515,18.5
6516,20.6
6517,22.8
6518,26.0
6519,26.9
6520,17.4
6521,16.5
6522,16.7
6523,40.8
6524,58.6
6525,66.5
6526,51.7
6527,47.3
6528,45.2
6529,40.6
6530,37.4
6531,25.4
6532,26.4
6533,22.0
6534,21.1
6535,28.8
6536,31.3
6537,20.2
6538,19.8
6539,27.0
6540,29.5
6541,37.4
6542,37.3
6543,31.5
6544,24.4
6545,20.1
6546,20.2
6547,22.6
6548,22.1
6549,22.8
6550,18.1
6551,16.6
6552,15.7
6553,17.3
6554,17.1
6555,17.6
6556,18.3
6557,17.2
6558,17.9
6559,17.2
6560,18.5
6561,20.6
6562,22.3
6563,25.6
6564,22.8
6565,22.8
6566,22.3
6567,23.6
6568,23.0
6569,26.1
6570,22.5
6571,25.5
6572,27.4
6573,28.2
6574,27.7
6575,27.1
6576,25.1
6577,24.0
6578,23.4
6579,22.2
6580,21.7
6581,19.5
6582,24.1
6583,28.9
6584,27.9
6585,24.5
6586,25.1
6587,21.2
6588,26.5
6589,26.2
6590,24.4
6591,26.8
6592,26.2
6593,15.1
6594,14.4
6595,20.2
6596,21.3
6597,33.1
6598,24.8
6599,24.3
6600,22.8
6601,24.6
6602,24.1
6603,26.2
6604,14.6
6605,16.7
6606,19.9
6607,19.1
6608,24.6
6609,25.4
6610,27.8
6611,29.1
6612,27.9
6613,33.3
6614,37.1
6615,29.8
6616,22.4
6617,18.2
6618,25.6
6619,31.0
6620,36.9
6621,35.4
6622,60.8
6623,49.2
6624,61.3
6625,58.5
6626,58.4
6627,37.4
6628,30.8
6629,18.1
6630,16.5
6631,25.2
6632,27.7
6633,30.5
6634,20.4
6635,25.3
6636,29.7
6637,30.4
6638,29.8
6639,21.3
6640,20.5
6641,15.8
6642,16.0
6643,22.8
6644,43.6
6645,41.0
6646,24.8
6647,16.8
6648,23.2
6649,19.6
6650,18.8
6651,20.6
6652,32.7
6653,25.7
6654,26.2
6655,24.1
6656,25.0
6657,26.0
6658,28.3
6659,31.1
6660,29.6
6661,30.0
6662,30.7
6663,27.7
6664,26.1
6665,22.5
6666,15.4
6667,16.9
6668,25.4
6669,22.7
6670,34.2
6671,34.5
6672,20.5
6673,22.9
6674,26.6
6675,33.2
6676,25.2
6677,16.0
6678,16.4
6679,21.1
6680,25.7
6681,26.6
6682,21.1
6683,27.7
6684,30.6
6685,28.9
6686,33.7
6687,28.1
6688,21.2
6689,15.3
6690,15.5
6691,44.0
6692,37.0
6693,42.4
6694,46.3
6695,33.7
6696,47.2
6697,49.6
6698,50.1
6699,62.6
6700,54.7
6701,25.9
6702,21.4
6703,16.9
6704,22.2
6705,23.5
6706,27.9
6707,27.1
6708,29.2
6709,34.9
6710,47.2
6711,49.4
6712,17.1
6713,15.6
6714,32.5
6715,34.3
6716,37.8
6717,31.8
6718,54.2
6719,46.4
6720,39.2
6721,40.4
6722,35.7
6723,40.6
6724,45.7
6725,42.3
6726,40.5
6727,39.3
6728,48.1
6729,32.7
6730,27.2
6731,27.8
6732,30.7
6733,35.2
6734,33.8
6735,36.6
6736,48.2
6737,36.3
6738,36.7
6739,55.9
6740,45.8
6741,31.8
6742,42.0
6743,42.1
6744,44.5
6745,44.5
6746,38.6
6747,30.0
6748,34.2
6749,36.8
6750,37.8
6751,39.0
6752,36.2
6753,33.9
6754,33.6
6755,36.2
6756,29.8
6757,35.7
6758,37.1
6759,27.4
6760,32.0
6761,34.5
6762,35.7
6763,36.0
6764,31.0
6765,39.6
6766,26.0
6767,30.7
6768,30.3
6769,32.1
6770,36.5
6771,32.6
6772,28.0
6773,26.5
6774,26.7
6775,31.4
6776,42.4
6777,33.4
6778,27.5
6779,44.4
6780,42.8
6781,36.8
6782,32.0
6783,21.5
6784,16.9
6785,20.5
6786,18.7
6787,23.2
6788,24.6
6789,37.3
6790,22.8
6791,29.9
6792,26.2
6793,30.1
6794,35.2
6795,32.5
6796,23.7
6797,16.9
6798,18.3
6799,18.2
6800,20.8
6801,23.4
6802,25.6
6803,38.2
6804,39.4
6805,38.2
6806,30.4
6807,19.8
6808,15.9
6809,21.5
6810,18.8
6811,20.9
6812,17.8
6813,39.5
6814,47.4
6815,54.7
6816,44.8
6817,39.2
6818,41.6
6819,44.3
6820,17.7
6821,16.4
6822,16.2
6823,17.9
6824,27.4
6825,32.2
6826,28.6
6827,32.4
6828,40.6
6829,42.6
6830,39.9
6831,22.9
6832,16.5
6833,15.4
6834,22.2
6835,22.2
6836,31.4
6837,37.1
6838,25.1
6839,26.5
6840,32.0
6841,37.0
6842,36.7
6843,34.5
6844,23.0
6845,17.1
6846,16.8
6847,18.2
6848,23.1
6849,22.2
6850,18.7
6851,19.0
6852,38.6
6853,26.2
6854,19.7
6855,17.3
6856,16.6
6857,16.5
6858,16.7
6859,17.8
6860,33.1
6861,28.0
6862,49.2
6863,45.1
6864,49.6
6865,40.3
6866,42.1
6867,40.1
6868,28.7
6869,16.9
6870,16.7
6871,17.9
6872,26.6
6873,35.9
6874,35.3
6875,51.1
6876,57.7
6877,48.2
6878,34.3
6879,26.4
6880,21.5
6881,16.9
6882,19.5
6883,27.0
6884,32.0
6885,34.8
6886,36.9
6887,41.4
6888,39.1
6889,40.2
6890,42.2
6891,43.4
6892,40.0
6893,39.1
6894,41.6
6895,38.5
6896,41.0
6897,38.1
6898,32.6
6899,41.0
6900,38.7
6901,46.9
6902,44.4
6903,39.2
6904,34.3
6905,22.0
6906,35.7
6907,42.8
6908,40.0
6909,42.0
6910,34.9
6911,35.7
6912,31.7
6913,23.6
6914,25.5
6915,25.7
6916,24.3
6917,19.8
6918,23.7
6919,31.3
6920,40.6
6921,38.6
6922,39.2
6923,34.3
6924,33.0
6925,38.6
6926,36.8
6927,27.1
6928,28.3
6929,25.2
6930,28.1
6931,38.9
6932,43.5
6933,40.5
6934,30.4
6935,23.8
6936,29.8
6937,34.4
6938,32.1
6939,23.9
6940,30.3
6941,29.1
6942,32.3
6943,49.8
6944,42.8
6945,45.9
6946,46.4
6947,54.2
6948,62.8
6949,62.4
6950,59.2
6951,39.1
6952,31.9
6953,27.1
6954,40.1
6955,52.4
6956,47.1
6957,60.9
6958,53.6
6959,51.7
6960,46.3
6961,44.4
6962,36.0
6963,37.6
6964,22.5
6965,17.6
6966,17.7
6967,17.8
6968,27.2
6969,38.5
6970,31.9
6971,44.8
6972,31.9
6973,27.9
6974,28.3
6975,23.4
6976,18.5
6977,17.2
6978,16.5
6979,23.6
6980,26.3
6981,29.5
6982,44.8
6983,43.0
6984,45.1
6985,48.4
6986,44.6
6987,39.8
6988,30.0
6989,20.0
6990,19.7
6991,24.1
6992,29.7
6993,31.5
6994,34.7
6995,37.9
6996,34.9
6997,36.3
6998,34.2
6999,27.3
7000,18.7
7001,16.9
7002,23.2
7003,32.6
7004,37.4
7005,40.8
7006,43.4
7007,46.4
7008,48.6
7009,48.0
7010,46.9
7011,46.3
7012,40.9
7013,26.3
7014,23.8
7015,22.2
7016,26.7
7017,22.2
7018,24.8
7019,34.5
7020,36.4
7021,32.8
7022,26.6
7023,22.2
7024,17.7
7025,17.1
7026,18.6
7027,27.5
7028,35.8
7029,35.1
7030,54.5
7031,47.7
7032,55.4
7033,47.3
7034,44.4
7035,39.4
7036,33.5
7037,24.7
7038,21.7
7039,21.5
7040,24.7
7041,23.5
7042,24.7
7043,29.3
7044,30.3
7045,31.3
7046,28.5
7047,23.9
7048,20.9
7049,18.3
7050,25.7
7051,31.1
7052,37.0
7053,36.5
7054,38.6
7055,51.1
7056,47.0
7057,45.2
7058,42.8
7059,46.8
7060,44.4
7061,42.8
7062,42.6
7063,40.3
7064,41.7
7065,41.2
7066,40.4
7067,40.1
7068,40.6
7069,42.1
7070,41.3
7071,35.1
7072,26.3
7073,24.2
7074,26.1
7075,28.3
7076,31.0
7077,34.5
7078,31.4
7079,36.2
7080,35.9
7081,37.3
7082,37.5
7083,36.2
7084,35.1
7085,33.9
7086,32.3
7087,33.2
7088,35.9
7089,33.9
7090,32.2
7091,34.3
7092,35.3
7093,38.0
7094,32.5
7095,29.4
7096,28.6
7097,24.7
7098,26.6
7099,30.6
7100,28.6
7101,30.0
7102,29.0
7103,22.7
7104,22.7
7105,23.4
7106,24.4
7107,25.9
7108,29.1
7109,27.0
7110,24.3
7111,26.6
7112,30.0
7113,30.6
7114,30.4
7115,29.2
7116,29.2
7117,29.3
7118,30.3
7119,24.6
7120,19.4
7121,17.1
7122,18.7
7123,21.7
7124,22.4
7125,20.9
7126,18.9
7127,19.8
7128,20.4
7129,20.8
7130,20.8
7131,21.0
7132,23.5
7133,22.0
7134,19.5
7135,19.7
7136,21.1
7137,24.5
7138,27.3
7139,23.5
7140,23.3
7141,23.0
7142,24.8
7143,23.7
7144,19.5
7145,18.7
7146,22.4
7147,23.7
7148,25.4
7149,28.9
7150,29.7
7151,28.9
7152,30.6
7153,32.7
7154,33.2
7155,30.1
7156,23.3
7157,21.5
7158,19.6
7159,20.3
7160,22.9
7161,28.1
7162,28.4
7163,28.9
7164,31.4
7165,30.9
7166,26.7
7167,21.4
7168,16.4
7169,16.4
7170,19.5
7171,22.9
7172,30.2
7173,27.9
7174,22.0
7175,21.9
7176,23.8
7177,25.3
7178,24.7
7179,23.2
7180,22.3
7181,17.5
7182,17.2
7183,17.5
7184,20.9
7185,27.4
7186,28.1
7187,28.4
7188,27.9
7189,29.9
7190,21.9
7191,17.5
7192,17.2
7193,16.4
7194,16.7
7195,19.8
7196,20.7
7197,21.3
7198,26.3
7199,26.3
7200,26.4
7201,27.4
7202,28.9
7203,34.0
7204,27.5
7205,20.3
7206,18.5
7207,20.4
7208,22.1
7209,25.8
7210,26.8
7211,27.6
7212,28.0
7213,29.0
7214,27.5
7215,20.3
7216,16.5
7217,16.6
7218,16.5
7219,27.3
7220,23.2
7221,20.1
7222,21.3
7223,28.2
7224,31.5
7225,35.9
7226,38.5
7227,41.1
7228,36.9
7229,31.7
7230,28.5
7231,27.2
7232,28.2
7233,32.0
7234,50.2
7235,63.3
7236,61.5
7237,57.1
7238,28.3
7239,22.4
7240,16.8
7241,15.5
7242,15.8
7243,18.9
7244,15.2
7245,13.9
7246,22.6
7247,14.5
7248,15.1
7249,17.1
7250,20.0
7251,23.6
7252,21.8
7253,24.8
7254,39.5
7255,57.0
7256,46.4
7257,46.2
7258,46.1
7259,53.9
7260,52.8
7261,48.2
7262,36.8
7263,22.5
7264,15.1
7265,14.8
7266,15.1
7267,15.4
7268,14.9
7269,14.1
7270,41.0
7271,14.2
7272,19.6
7273,24.6
7274,18.7
7275,24.7
7276,30.8
7277,28.0
7278,20.7
7279,20.0
7280,38.2
7281,65.2
7282,82.2
7283,101.3
7284,81.7
7285,60.1
7286,23.3
7287,24.5
7288,19.3
7289,17.8
7290,30.1
7291,39.9
7292,32.9
7293,31.1
7294,31.3
7295,29.5
7296,31.4
7297,24.8
7298,25.4
7299,23.3
7300,23.2
7301,23.1
7302,26.9
7303,35.4
7304,33.2
7305,30.1
7306,31.8
7307,36.5
7308,34.5
7309,32.6
7310,34.6
7311,33.4
7312,28.2
7313,20.4
7314,20.5
7315,29.0
7316,28.9
7317,27.8
7318,31.4
7319,29.9
7320,37.6
7321,35.4
7322,36.7
7323,38.4
7324,35.3
7325,31.6
7326,24.1
7327,31.3
7328,26.9
7329,32.7
7330,40.6
7331,41.3
7332,36.5
7333,40.7
7334,42.1
7335,34.2
7336,27.5
7337,18.4
7338,18.6
7339,23.5
7340,32.1
7341,34.6
7342,34.8
7343,25.9
7344,29.1
7345,29.3
7346,28.6
7347,27.4
7348,27.0
7349,28.9
7350,25.8
7351,22.7
7352,22.4
7353,31.1
7354,46.2
7355,35.5
7356,37.1
7357,31.9
7358,24.0
7359,23.4
7360,20.4
7361,17.7
7362,17.5
7363,19.5
7364,21.0
7365,21.1
7366,29.5
7367,25.3
7368,22.4
7369,22.5
7370,25.3
7371,26.1
7372,25.5
7373,23.6
7374,21.0
7375,21.3
7376,22.4
7377,27.7
7378,30.6
7379,34.5
7380,35.9
7381,30.6
7382,30.3
7383,28.4
7384,21.7
7385,18.0
7386,20.6
7387,33.9
7388,38.3
7389,30.9
7390,38.5
7391,47.5
7392,36.2
7393,47.4
7394,52.9
7395,51.4
7396,49.1
7397,39.6
7398,41.3
7399,39.8
7400,38.8
7401,41.5
7402,42.4
7403,43.2
7404,44.9
7405,35.8
7406,37.5
7407,35.5
7408,31.8
7409,25.6
7410,31.2
7411,28.6
7412,27.2
7413,30.8
7414,27.2
7415,25.2
7416,30.9
7417,33.7
7418,35.3
7419,37.6
7420,33.6
7421,33.1
7422,21.3
7423,22.2
7424,23.4
7425,23.5
7426,25.9
7427,28.7
7428,28.1
7429,27.6
7430,38.6
7431,31.2
7432,34.4
7433,20.4
7434,17.9
7435,21.9
7436,27.3
7437,23.3
7438,29.6
7439,26.7
7440,26.9
7441,27.6
7442,30.6
7443,31.2
7444,31.2
7445,33.2
7446,30.6
7447,28.1
7448,29.8
7449,33.1
7450,41.7
7451,47.3
7452,49.3
7453,49.8
7454,43.7
7455,32.0
7456,26.8
7457,21.7
7458,24.8
7459,30.5
7460,41.8
7461,29.6
7462,42.1
7463,52.1
7464,62.4
7465,60.5
7466,52.4
7467,42.1
7468,34.2
7469,27.3
7470,26.4
7471,28.3
7472,42.6
7473,59.2
7474,58.3
7475,61.3
7476,61.2
7477,57.8
7478,49.9
7479,27.9
7480,25.0
7481,22.2
7482,27.6
7483,38.1
7484,61.9
7485,60.6
7486,53.5
7487,56.2
7488,66.7
7489,59.5
7490,69.2
7491,51.6
7492,50.5
7493,30.3
7494,28.5
7495,30.0
7496,30.8
7497,32.1
7498,33.8
7499,29.3
7500,42.4
7501,37.9
7502,37.5
7503,33.0
7504,23.6
7505,19.5
7506,36.3
7507,60.8
7508,56.0
7509,51.1
7510,74.2
7511,70.8
7512,72.2
7513,77.1
7514,70.7
7515,74.7
7516,64.2
7517,51.7
7518,36.9
7519,44.6
7520,55.2
7521,49.5
7522,48.0
7523,54.9
7524,57.0
7525,45.4
7526,34.2
7527,30.3
7528,24.8
7529,23.5
7530,41.1
7531,66.5
7532,68.2
7533,70.6
7534,84.0
7535,69.9
7536,82.3
7537,84.1
7538,83.3
7539,79.9
7540,73.2
7541,44.7
7542,39.8
7543,35.8
7544,39.5
7545,48.6
7546,53.1
7547,60.5
7548,58.6
7549,54.8
7550,56.4
7551,44.6
7552,29.3
7553,27.7
7554,33.6
7555,45.0
7556,69.9
7557,87.6
7558,88.6
7559,100.2
7560,111.3
7561,120.0
7562,99.3
7563,90.9
7564,87.6
7565,107.9
7566,93.0
7567,73.8
7568,69.3
7569,90.6
7570,112.1
7571,91.7
7572,77.7
7573,55.5
7574,37.4
7575,35.2
7576,25.0
7577,20.7
7578,41.2
7579,60.5
7580,92.2
7581,107.8
7582,115.7
7583,127.4
7584,128.1
7585,119.5
7586,102.8
7587,113.2
7588,92.7
7589,94.1
7590,103.0
7591,111.1
7592,116.7
7593,112.7
7594,109.7
7595,121.2
7596,114.7
7597,104.7
7598,97.7
7599,79.8
7600,67.4
7601,72.5
7602,83.9
7603,95.9
7604,111.8
7605,103.5
7606,101.2
7607,84.0
7608,99.3
7609,89.2
7610,90.7
7611,88.4
7612,80.5
7613,82.3
7614,61.4
7615,54.2
7616,44.6
7617,49.7
7618,62.4
7619,74.2
7620,73.4
7621,61.8
7622,51.3
7623,37.7
7624,33.7
7625,46.8
7626,44.1
7627,53.1
7628,85.7
7629,101.4
7630,120.9
7631,81.4
7632,72.0
7633,91.2
7634,81.2
7635,66.4
7636,72.0
7637,34.8
7638,39.1
7639,47.4
7640,39.1
7641,71.8
7642,74.8
7643,61.1
7644,60.1
7645,48.0
7646,28.2
7647,25.1
7648,23.4
7649,19.4
7650,49.2
7651,65.2
7652,92.7
7653,95.4
7654,93.2
7655,86.4
7656,83.4
7657,96.0
7658,82.5
7659,71.1
7660,58.7
7661,60.8
7662,61.6
7663,62.2
7664,57.8
7665,55.4
7666,45.3
7667,36.9
7668,40.0
7669,61.0
7670,42.2
7671,29.9
7672,22.6
7673,38.3
7674,46.6
7675,71.4
7676,74.9
7677,74.3
7678,63.0
7679,76.1
7680,63.1
7681,66.2
7682,63.6
7683,61.9
7684,60.7
7685,53.6
7686,54.1
7687,41.6
7688,39.8
7689,43.2
7690,45.1
7691,51.5
7692,61.4
7693,78.4
7694,79.0
7695,74.6
7696,62.8
7697,73.5
7698,67.7
7699,87.2
7700,99.6
7701,104.6
7702,98.8
7703,98.9
7704,98.6
7705,91.6
7706,71.4
7707,69.7
7708,87.5
7709,117.6
7710,90.0
7711,87.2
7712,90.6
7713,92.6
7714,81.4
7715,78.7
7716,80.4
7717,97.0
7718,131.6
7719,95.2
7720,68.8
7721,58.6
7722,50.6
7723,90.6
7724,102.4
7725,109.9
7726,103.9
7727,148.3
7728,141.6
7729,138.7
7730,137.6
7731,120.6
7732,138.7
7733,145.6
7734,121.1
7735,129.8
7736,114.4
7737,118.8
7738,140.6
7739,123.3
7740,109.3
7741,83.2
7742,81.3
7743,53.6
7744,45.9
7745,41.0
7746,71.4
7747,116.4
7748,152.3
7749,164.4
7750,163.0
7751,157.8
7752,156.1
7753,162.0
7754,149.0
7755,128.1
7756,131.8
7757,140.6
7758,138.0
7759,105.5
7760,80.3
7761,95.4
7762,79.8
7763,71.3
7764,64.1
7765,75.2
7766,74.4
7767,51.0
7768,47.0
7769,45.3
7770,70.1
7771,98.4
7772,110.0
7773,110.3
7774,112.1
7775,109.7
7776,102.7
7777,113.0
7778,112.0
7779,105.0
7780,105.0
7781,101.6
7782,72.4
7783,42.0
7784,46.1
7785,61.6
7786,74.9
7787,76.9
7788,83.9
7789,80.8
7790,53.0
7791,51.4
7792,50.3
7793,70.6
7794,83.5
7795,62.1
7796,81.2
7797,75.2
7798,82.2
7799,62.4
7800,71.1
7801,68.8
7802,68.2
7803,63.7
7804,64.1
7805,68.0
7806,64.6
7807,57.5
7808,60.9
7809,50.9
7810,53.9
7811,52.3
7812,58.0
7813,79.3
7814,93.6
7815,68.6
7816,60.8
7817,65.4
7818,82.2
7819,91.0
7820,120.7
7821,114.3
7822,114.3
7823,108.4
7824,107.4
7825,100.9
7826,104.3
7827,94.5
7828,105.9
7829,82.8
7830,82.8
7831,82.1
7832,86.7
7833,81.5
7834,83.2
7835,86.6
7836,63.6
7837,80.1
7838,66.7
7839,71.8
7840,63.8
7841,58.3
7842,74.2
7843,87.1
7844,87.5
7845,90.5
7846,97.2
7847,79.2
7848,67.0
7849,68.1
7850,53.6
7851,56.9
7852,55.3
7853,59.7
7854,60.0
7855,50.7
7856,62.6
7857,59.9
7858,49.1
7859,51.1
7860,60.7
7861,67.7
7862,73.8
7863,44.4
7864,36.3
7865,42.2
7866,58.0
7867,64.8
7868,85.8
7869,88.2
7870,94.3
7871,104.7
7872,104.4
7873,99.9
7874,91.4
7875,93.9
7876,94.6
7877,92.2
7878,93.2
7879,79.8
7880,85.3
7881,92.8
7882,97.8
7883,115.6
7884,122.3
7885,116.8
7886,125.7
7887,101.8
7888,68.2
7889,84.9
7890,108.2
7891,132.7
7892,113.2
7893,127.2
7894,139.8
7895,128.3
7896,122.3
7897,126.5
7898,159.4
7899,140.6
7900,140.7
7901,133.6
7902,122.0
7903,124.9
7904,127.9
7905,151.6
7906,112.5
7907,145.0
7908,103.8
7909,117.7
7910,136.5
7911,82.1
7912,105.6
7913,81.3
7914,96.7
7915,135.5
7916,122.6
7917,115.2
7918,125.5
7919,128.5
7920,117.5
7921,99.1
7922,94.4
7923,77.7
7924,77.4
7925,92.0
7926,95.8
7927,89.2
7928,87.7
7929,90.5
7930,104.0
7931,96.6
7932,105.7
7933,95.4
7934,76.1
7935,79.3
7936,93.2
7937,116.3
7938,117.6
7939,107.1
7940,107.9
7941,116.0
7942,117.5
7943,100.3
7944,98.6
7945,94.2
7946,90.8
7947,86.1
7948,123.0
7949,128.2
7950,108.4
7951,83.3
7952,79.6
7953,102.5
7954,108.4
7955,64.8
7956,77.3
7957,75.4
7958,58.4
7959,58.1
7960,46.2
7961,48.4
7962,48.3
7963,83.5
7964,115.0
7965,158.2
7966,152.0
7967,125.3
7968,137.5
7969,142.3
7970,155.9
7971,129.3
7972,139.7
7973,120.1
7974,34.5
7975,21.0
7976,23.0
7977,22.6
7978,26.3
7979,18.2
7980,18.1
7981,19.5
7982,18.2
7983,18.1
7984,24.5
7985,33.6
7986,47.6
7987,65.6
7988,89.9
7989,170.7
7990,169.6
7991,145.4
7992,157.0
7993,164.9
7994,152.9
7995,146.6
7996,120.7
7997,74.2
7998,17.8
7999,18.3
8000,18.4
8001,30.3
8002,38.2
8003,19.3
8004,19.1
8005,19.6
8006,19.2
8007,18.6
8008,22.1
8009,31.4
8010,44.7
8011,54.1
8012,58.7
8013,119.9
8014,134.8
8015,110.5
8016,98.3
8017,106.1
8018,108.3
8019,119.0
8020,112.2
8021,58.6
8022,35.0
8023,42.9
8024,39.7
8025,41.2
8026,31.6
8027,19.5
8028,19.1
8029,25.4
8030,27.6
8031,32.6
8032,29.6
8033,51.4
8034,48.7
8035,52.2
8036,46.9
8037,81.5
8038,130.1
8039,118.1
8040,128.4
8041,145.5
8042,174.8
8043,146.7
8044,137.7
8045,105.2
8046,37.3
8047,47.5
8048,51.8
8049,53.8
8050,49.6
8051,31.4
8052,34.0
8053,45.2
8054,46.1
8055,80.6
8056,74.7
8057,79.8
8058,95.3
8059,70.8
8060,138.1
8061,139.5
8062,146.8
8063,128.0
8064,125.8
8065,122.3
8066,125.4
8067,122.7
8068,135.9
8069,136.3
8070,137.7
8071,153.7
8072,118.2
8073,123.9
8074,107.9
8075,104.2
8076,96.2
8077,107.2
8078,108.0
8079,100.0
8080,85.7
8081,80.7
8082,115.6
8083,155.2
8084,156.3
8085,152.8
8086,161.5
8087,128.7
8088,117.7
8089,126.6
8090,110.5
8091,134.9
8092,110.1
8093,124.1
8094,124.5
8095,126.3
8096,147.6
8097,136.5
8098,111.5
8099,119.9
8100,112.0
8101,112.1
8102,117.3
8103,88.6
8104,89.2
8105,67.4
8106,74.8
8107,66.8
8108,148.2
8109,101.9
8110,123.9
8111,120.9
8112,110.1
8113,109.0
8114,129.3
8115,114.0
8116,152.9
8117,121.1
8118,79.9
8119,60.8
8120,25.5
8121,22.8
8122,37.7
8123,45.0
8124,44.3
8125,33.5
8126,42.7
8127,48.8
8128,46.9
8129,45.6
8130,47.8
8131,83.0
8132,115.3
8133,108.8
8134,155.7
8135,159.7
8136,139.6
8137,150.8
8138,150.2
8139,125.2
8140,135.4
8141,128.4
8142,32.7
8143,18.8
8144,22.2
8145,39.2
8146,28.8
8147,35.9
8148,28.4
8149,35.1
8150,34.5
8151,28.7
8152,26.3
8153,28.3
8154,39.4
8155,49.7
8156,112.8
8157,116.3
8158,120.7
8159,115.6
8160,119.7
8161,115.3
8162,89.4
8163,104.4
8164,88.2
8165,56.7
8166,51.2
8167,36.1
8168,33.7
8169,51.1
8170,52.7
8171,97.4
8172,98.6
8173,70.2
8174,71.4
8175,52.5
8176,38.7
8177,28.5
8178,32.9
8179,62.1
8180,123.8
8181,138.5
8182,139.7
8183,137.6
8184,173.1
8185,142.9
8186,132.8
8187,122.4
8188,150.3
8189,146.3
8190,117.9
8191,87.7
8192,85.4
8193,90.6
8194,122.5
8195,119.2
8196,124.5
8197,118.3
8198,116.0
8199,83.4
8200,63.4
8201,59.4
8202,54.2
8203,75.6
8204,112.2
8205,129.4
8206,206.9
8207,186.7
8208,195.2
8209,187.3
8210,164.6
8211,160.9
8212,182.9
8213,170.7
8214,60.9
8215,48.7
8216,48.1
8217,50.9
8218,44.3
8219,40.9
8220,51.6
8221,41.7
8222,35.9
8223,35.7
8224,31.5
8225,36.3
8226,52.7
8227,97.2
8228,150.8
8229,173.1
8230,193.6
8231,208.4
8232,209.7
8233,191.0
8234,194.1
8235,179.2
8236,185.3
8237,171.5
8238,165.6
8239,148.8
8240,131.5
8241,93.7
8242,130.1
8243,123.3
8244,144.9
8245,156.0
8246,141.2
8247,99.0
8248,69.4
8249,77.7
8250,85.3
8251,107.8
8252,171.4
8253,161.7
8254,196.4
8255,167.6
8256,184.9
8257,170.2
8258,153.1
8259,146.5
8260,128.6
8261,129.7
8262,133.6
8263,141.9
8264,189.1
8265,151.0
8266,152.5
8267,165.8
8268,180.3
8269,166.4
8270,143.0
8271,113.8
8272,91.7
8273,84.5
8274,77.0
8275,92.3
8276,115.1
8277,110.8
8278,146.2
8279,169.9
8280,170.6
8281,176.2
8282,156.2
8283,165.5
8284,132.7
8285,126.6
8286,40.8
8287,25.3
8288,29.5
8289,26.8
8290,28.0
8291,37.5
8292,28.0
8293,22.8
8294,27.1
8295,18.9
8296,19.0
8297,27.1
8298,23.0
8299,31.4
8300,81.8
8301,121.8
8302,192.4
8303,107.2
8304,149.5
8305,147.6
8306,152.4
8307,134.7
8308,101.3
8309,81.4
8310,18.9
8311,32.4
8312,54.2
8313,59.1
8314,53.1
8315,35.1
8316,32.7
8317,36.7
8318,18.9
8319,18.8
8320,18.8
8321,20.5
8322,22.4
8323,18.9
8324,84.1
8325,137.6
8326,127.8
8327,98.7
8328,114.0
8329,103.1
8330,104.2
8331,94.6
8332,94.4
8333,39.9
8334,19.0
8335,19.0
8336,18.7
8337,18.9
8338,19.0
8339,19.2
8340,19.1
8341,19.1
8342,19.7
8343,19.7
8344,25.2
8345,27.0
8346,18.9
8347,33.4
8348,62.4
8349,147.5
8350,106.2
8351,90.8
8352,124.3
8353,120.0
8354,132.4
8355,121.9
8356,110.0
8357,92.5
8358,19.0
8359,18.5
8360,18.6
8361,22.0
8362,18.7
8363,18.9
8364,18.8
8365,18.6
8366,18.5
8367,18.7
8368,28.4
8369,34.0
8370,36.3
8371,60.0
8372,104.6
8373,117.1
8374,131.1
8375,93.6
8376,104.0
8377,120.5
8378,137.4
8379,132.2
8380,97.7
8381,39.8
8382,28.4
8383,24.2
8384,20.6
8385,18.9
8386,19.1
8387,37.4
8388,47.5
8389,41.7
8390,35.2
8391,46.8
8392,45.8
8393,55.9
8394,52.1
8395,72.1
8396,103.3
8397,123.4
8398,170.6
8399,109.0
8400,149.4
8401,141.1
8402,149.6
8403,136.9
8404,137.4
8405,157.7
8406,154.9
8407,146.8
8408,121.5
8409,84.0
8410,103.7
8411,124.3
8412,122.5
8413,116.1
8414,108.9
8415,69.0
8416,60.2
8417,43.0
8418,55.4
8419,60.0
8420,80.1
8421,64.1
8422,46.6
8423,73.8
8424,56.6
8425,65.6
8426,106.7
8427,102.9
8428,120.7
8429,147.4
8430,132.7
8431,128.2
8432,143.3
8433,96.5
8434,70.2
8435,55.3
8436,74.8
8437,94.5
8438,125.0
8439,114.5
8440,87.9
8441,70.7
8442,74.5
8443,50.9
8444,83.7
8445,72.9
8446,92.1
8447,62.0
8448,60.9
8449,69.2
8450,64.1
8451,54.1
8452,41.3
8453,51.2
8454,50.7
8455,49.7
8456,50.1
8457,64.8
8458,75.7
8459,83.4
8460,76.0
8461,71.6
8462,60.4
8463,52.7
8464,53.9
8465,52.7
8466,56.8
8467,66.2
8468,59.8
8469,55.9
8470,61.3
8471,68.8
8472,60.1
8473,60.4
8474,54.6
8475,46.7
8476,43.8
8477,59.1
8478,78.8
8479,75.3
8480,82.8
8481,93.3
8482,90.6
8483,85.4
8484,86.1
8485,105.6
8486,98.9
8487,81.2
8488,83.0
8489,76.4
8490,79.7
8491,97.3
8492,108.3
8493,116.7
8494,121.8
8495,108.7
8496,106.8
8497,117.3
8498,110.9
8499,110.9
8500,87.1
8501,58.4
8502,60.3
8503,53.7
8504,46.8
8505,54.3
8506,53.4
8507,42.8
8508,39.4
8509,36.5
8510,46.3
8511,40.0
8512,47.4
8513,57.8
8514,67.2
8515,67.4
8516,73.4
8517,68.7
8518,73.0
8519,64.1
8520,77.6
8521,79.3
8522,64.2
8523,52.3
8524,52.5
8525,55.2
8526,65.7
8527,71.8
8528,81.5
8529,76.0
8530,81.2
8531,66.5
8532,59.3
8533,76.5
8534,71.0
8535,62.6
8536,68.6
8537,76.9
8538,79.2
8539,79.6
8540,64.7
8541,61.5
8542,67.4
8543,76.4
8544,86.9
8545,85.3
8546,63.9
8547,44.7
8548,60.1
8549,58.6
8550,61.9
8551,65.0
8552,69.7
8553,63.7
8554,48.2
8555,37.3
8556,48.7
8557,37.8
8558,30.8
8559,36.8
8560,29.6
8561,41.7
8562,42.9
8563,46.1
8564,45.1
8565,55.9
8566,60.8
8567,45.4
8568,47.7
8569,42.9
8570,35.4
8571,32.1
8572,31.1
8573,40.1
8574,48.9
8575,69.4
8576,81.6
8577,81.6
8578,78.1
8579,75.4
8580,76.5
8581,78.9
8582,77.8
8583,56.9
8584,65.5
8585,65.9
8586,77.7
8587,78.6
8588,76.6
8589,78.2
8590,83.6
8591,84.5
8592,47.3
8593,46.2
8594,30.2
8595,22.9
8596,24.4
8597,29.4
8598,23.2
8599,44.1
8600,38.6
8601,35.4
8602,39.9
8603,33.2
8604,51.5
8605,22.1
8606,20.0
8607,21.0
8608,38.8
8609,44.8
8610,47.4
8611,47.2
8612,53.4
8613,58.6
8614,51.1
8615,49.4
8616,50.5
8617,51.4
8618,42.7
8619,39.6
8620,39.8
8621,39.5
8622,36.8
8623,39.5
8624,42.3
8625,35.6
8626,39.7
8627,35.9
8628,32.5
8629,33.1
8630,32.4
8631,34.6
8632,44.9
8633,46.8
8634,41.7
8635,48.4
8636,50.2
8637,43.9
8638,46.2
8639,38.0
8640,47.5
8641,47.1
8642,47.1
8643,45.4
8644,43.4
8645,46.4
8646,42.8
8647,48.9
8648,45.5
8649,46.3
8650,47.3
8651,45.8
8652,46.7
8653,53.3
8654,50.7
8655,42.1
8656,37.8
8657,41.1
8658,51.6
8659,62.3
8660,46.9
8661,40.8
8662,40.6
8663,33.5
8664,36.4
8665,33.9
8666,33.0
8667,34.9
8668,33.1
8669,37.2
8670,33.1
8671,26.3
8672,25.9
8673,26.9
8674,26.9
8675,30.9
8676,26.6
8677,23.0
8678,22.6
8679,21.5
8680,20.9
8681,20.8
8682,22.3
8683,29.5
8684,29.9
8685,34.7
8686,36.2
8687,30.8
8688,35.1
8689,39.7
8690,42.4
8691,40.3
8692,35.7
8693,33.9
8694,33.2
8695,33.0
8696,35.8
8697,38.6
8698,42.1
8699,45.7
8700,41.5
8701,37.2
8702,32.3
8703,28.0
8704,26.6
8705,34.6
8706,39.1
8707,38.3
8708,33.3
8709,31.4
8710,33.6
8711,33.6
8712,37.1
8713,32.6
8714,33.2
8715,28.5
8716,26.5
8717,25.2
8718,22.6
8719,22.7
8720,21.8
8721,26.4
8722,33.3
8723,36.3
8724,31.1
8725,27.7
8726,27.4
8727,24.2
8728,23.7
8729,24.3
8730,31.5
8731,36.3
8732,50.7
8733,45.7
8734,42.0
8735,33.1
8736,32.1
8737,31.3
8738,32.4
8739,30.1
8740,33.0
8741,31.3
8742,24.3
8743,24.0
8744,24.6
8745,27.0
8746,27.2
8747,24.1
8748,24.5
8749,22.0
8750,22.4
8751,20.9
8752,20.0
8753,19.4
8754,23.9
8755,22.4
8756,26.7
8757,24.4
8758,26.8
8759,26.5